2024/04/23 00:55,01F0017N,01F0005N,31,44,11
2024/04/23 00:55,01F0017N,01F0005N,32,45,11
2024/04/23 00:55,01F0017N,01F0005N,41,0,0
2024/04/23 00:55,01F0017N,01F0005N,42,0,0
2024/04/23 00:55,01F0017N,01F0005N,5,0,0
2024/04/23 00:55,01F0029N,01F0017N,31,45,15
2024/04/23 00:55,01F0029N,01F0017N,32,46,13
2024/04/23 00:55,01F0029N,01F0017N,41,0,0
2024/04/23 00:55,01F0029N,01F0017N,42,0,0
2024/04/23 00:55,01F0029N,01F0017N,5,0,0
2024/04/23 00:55,01F0005S,01F0017S,31,44,14
2024/04/23 00:55,01F0005S,01F0017S,32,47,2
2024/04/23 00:55,01F0005S,01F0017S,41,0,0
2024/04/23 00:55,01F0005S,01F0017S,42,0,0
2024/04/23 00:55,01F0005S,01F0017S,5,0,0
2024/04/23 00:55,01F0061N,01F0029N,31,119,19
2024/04/23 00:55,01F0061N,01F0029N,32,119,9
2024/04/23 00:55,01F0061N,01F0029N,41,0,0
2024/04/23 00:55,01F0061N,01F0029N,42,170,1
2024/04/23 00:55,01F0061N,01F0029N,5,0,0
2024/04/23 00:55,01F0017S,01F0029S,31,45,15
2024/04/23 00:55,01F0017S,01F0029S,32,48,8
2024/04/23 00:55,01F0017S,01F0029S,41,0,0
2024/04/23 00:55,01F0017S,01F0029S,42,46,1
2024/04/23 00:55,01F0017S,01F0029S,5,0,0
2024/04/23 00:55,01F0099N,01F0061N,31,145,34
2024/04/23 00:55,01F0099N,01F0061N,32,141,9
2024/04/23 00:55,01F0099N,01F0061N,41,0,0
2024/04/23 00:55,01F0099N,01F0061N,42,223,1
2024/04/23 00:55,01F0099N,01F0061N,5,199,4
2024/04/23 00:55,01F0029S,01F0061S,31,113,18
2024/04/23 00:55,01F0029S,01F0061S,32,131,6
2024/04/23 00:55,01F0029S,01F0061S,41,0,0
2024/04/23 00:55,01F0029S,01F0061S,42,117,3
2024/04/23 00:55,01F0029S,01F0061S,5,0,0
2024/04/23 00:55,01F0147N,01F0099N,31,177,30
2024/04/23 00:55,01F0147N,01F0099N,32,188,2
2024/04/23 00:55,01F0147N,01F0099N,41,0,0
2024/04/23 00:55,01F0147N,01F0099N,42,233,1
2024/04/23 00:55,01F0147N,01F0099N,5,198,2
2024/04/23 00:55,01H0174N,01F0099N,31,274,9
2024/04/23 00:55,01H0174N,01F0099N,32,269,3
2024/04/23 00:55,01H0174N,01F0099N,41,0,0
2024/04/23 00:55,01H0174N,01F0099N,42,0,0
2024/04/23 00:55,01H0174N,01F0099N,5,0,0
2024/04/23 00:55,03F0087S,01F0099N,31,0,0
2024/04/23 00:55,03F0087S,01F0099N,32,0,0
2024/04/23 00:55,03F0087S,01F0099N,41,0,0
2024/04/23 00:55,03F0087S,01F0099N,42,0,0
2024/04/23 00:55,03F0087S,01F0099N,5,0,0
2024/04/23 00:55,03F0116N,01F0099N,31,100,8
2024/04/23 00:55,03F0116N,01F0099N,32,92,8
2024/04/23 00:55,03F0116N,01F0099N,41,0,0
2024/04/23 00:55,03F0116N,01F0099N,42,0,0
2024/04/23 00:55,03F0116N,01F0099N,5,95,2
2024/04/23 00:55,01F0061S,01F0099S,31,137,26
2024/04/23 00:55,01F0061S,01F0099S,32,151,6
2024/04/23 00:55,01F0061S,01F0099S,41,0,0
2024/04/23 00:55,01F0061S,01F0099S,42,205,3
2024/04/23 00:55,01F0061S,01F0099S,5,214,1
2024/04/23 00:55,01F0155N,01F0147N,31,29,37
2024/04/23 00:55,01F0155N,01F0147N,32,29,8
2024/04/23 00:55,01F0155N,01F0147N,41,0,0
2024/04/23 00:55,01F0155N,01F0147N,42,28,6
2024/04/23 00:55,01F0155N,01F0147N,5,32,2
2024/04/23 00:55,01F0099S,01F0147S,31,169,12
2024/04/23 00:55,01F0099S,01F0147S,32,169,5
2024/04/23 00:55,01F0099S,01F0147S,41,0,0
2024/04/23 00:55,01F0099S,01F0147S,42,0,0
2024/04/23 00:55,01F0099S,01F0147S,5,196,4
2024/04/23 00:55,03F0087S,01F0147S,31,222,3
2024/04/23 00:55,03F0087S,01F0147S,32,0,0
2024/04/23 00:55,03F0087S,01F0147S,41,0,0
2024/04/23 00:55,03F0087S,01F0147S,42,209,1
2024/04/23 00:55,03F0087S,01F0147S,5,0,0
2024/04/23 00:55,03F0116N,01F0147S,31,204,3
2024/04/23 00:55,03F0116N,01F0147S,32,0,0
2024/04/23 00:55,03F0116N,01F0147S,41,0,0
2024/04/23 00:55,03F0116N,01F0147S,42,0,0
2024/04/23 00:55,03F0116N,01F0147S,5,1258,2
2024/04/23 00:55,01F0213N,01F0155N,31,202,30
2024/04/23 00:55,01F0213N,01F0155N,32,222,4
2024/04/23 00:55,01F0213N,01F0155N,41,0,0
2024/04/23 00:55,01F0213N,01F0155N,42,215,7
2024/04/23 00:55,01F0213N,01F0155N,5,247,3
2024/04/23 00:55,01F0147S,01F0155S,31,27,25
2024/04/23 00:55,01F0147S,01F0155S,32,26,4
2024/04/23 00:55,01F0147S,01F0155S,41,0,0
2024/04/23 00:55,01F0147S,01F0155S,42,28,2
2024/04/23 00:55,01F0147S,01F0155S,5,31,5
2024/04/23 00:55,01F0155S,01F0182S,31,97,20
2024/04/23 00:55,01F0155S,01F0182S,32,102,5
2024/04/23 00:55,01F0155S,01F0182S,41,0,0
2024/04/23 00:55,01F0155S,01F0182S,42,103,6
2024/04/23 00:55,01F0155S,01F0182S,5,107,7
2024/04/23 00:55,01F0233N,01F0213N,31,75,19
2024/04/23 00:55,01F0233N,01F0213N,32,88,4
2024/04/23 00:55,01F0233N,01F0213N,41,0,0
2024/04/23 00:55,01F0233N,01F0213N,42,86,3
2024/04/23 00:55,01F0233N,01F0213N,5,86,2
2024/04/23 00:55,01F0256N,01F0233N,31,87,53
2024/04/23 00:55,01F0256N,01F0233N,32,95,9
2024/04/23 00:55,01F0256N,01F0233N,41,0,0
2024/04/23 00:55,01F0256N,01F0233N,42,94,3
2024/04/23 00:55,01F0256N,01F0233N,5,94,3
2024/04/23 00:55,01F0182S,01F0248S,31,249,20
2024/04/23 00:55,01F0182S,01F0248S,32,221,6
2024/04/23 00:55,01F0182S,01F0248S,41,0,0
2024/04/23 00:55,01F0182S,01F0248S,42,249,6
2024/04/23 00:55,01F0182S,01F0248S,5,275,3
2024/04/23 00:55,01F0293N,01F0256N,31,136,49
2024/04/23 00:55,01F0293N,01F0256N,32,127,11
2024/04/23 00:55,01F0293N,01F0256N,41,153,1
2024/04/23 00:55,01F0293N,01F0256N,42,149,3
2024/04/23 00:55,01F0293N,01F0256N,5,152,6
2024/04/23 00:55,01F0248S,01F0264S,31,58,38
2024/04/23 00:55,01F0248S,01F0264S,32,59,11
2024/04/23 00:55,01F0248S,01F0264S,41,60,1
2024/04/23 00:55,01F0248S,01F0264S,42,58,5
2024/04/23 00:55,01F0248S,01F0264S,5,65,5
2024/04/23 00:55,01F0340N,01F0293N,31,164,57
2024/04/23 00:55,01F0340N,01F0293N,32,161,9
2024/04/23 00:55,01F0340N,01F0293N,41,183,2
2024/04/23 00:55,01F0340N,01F0293N,42,180,4
2024/04/23 00:55,01F0340N,01F0293N,5,1024,2
2024/04/23 00:55,01F0264S,01F0293S,31,103,28
2024/04/23 00:55,01F0264S,01F0293S,32,104,9
2024/04/23 00:55,01F0264S,01F0293S,41,0,0
2024/04/23 00:55,01F0264S,01F0293S,42,118,3
2024/04/23 00:55,01F0264S,01F0293S,5,121,5
2024/04/23 00:55,01F0293S,01F0339S,31,162,35
2024/04/23 00:55,01F0293S,01F0339S,32,176,5
2024/04/23 00:55,01F0293S,01F0339S,41,170,1
2024/04/23 00:55,01F0293S,01F0339S,42,173,5
2024/04/23 00:55,01F0293S,01F0339S,5,169,2
2024/04/23 00:55,01H0305S,01F0339S,31,113,12
2024/04/23 00:55,01H0305S,01F0339S,32,129,3
2024/04/23 00:55,01H0305S,01F0339S,41,0,0
2024/04/23 00:55,01H0305S,01F0339S,42,0,0
2024/04/23 00:55,01H0305S,01F0339S,5,0,0
2024/04/23 00:55,01F0376N,01F0340N,31,134,53
2024/04/23 00:55,01F0376N,01F0340N,32,135,24
2024/04/23 00:55,01F0376N,01F0340N,41,127,1
2024/04/23 00:55,01F0376N,01F0340N,42,146,12
2024/04/23 00:55,01F0376N,01F0340N,5,136,11
2024/04/23 00:55,01H0447N,01F0340N,31,384,30
2024/04/23 00:55,01H0447N,01F0340N,32,390,11
2024/04/23 00:55,01H0447N,01F0340N,41,454,2
2024/04/23 00:55,01H0447N,01F0340N,42,0,0
2024/04/23 00:55,01H0447N,01F0340N,5,0,0
2024/04/23 00:55,01F0413N,01F0376N,31,131,28
2024/04/23 00:55,01F0413N,01F0376N,32,139,11
2024/04/23 00:55,01F0413N,01F0376N,41,129,1
2024/04/23 00:55,01F0413N,01F0376N,42,141,15
2024/04/23 00:55,01F0413N,01F0376N,5,138,10
2024/04/23 00:55,01F0339S,01F0376S,31,131,79
2024/04/23 00:55,01F0339S,01F0376S,32,140,19
2024/04/23 00:55,01F0339S,01F0376S,41,138,1
2024/04/23 00:55,01F0339S,01F0376S,42,152,11
2024/04/23 00:55,01F0339S,01F0376S,5,0,0
2024/04/23 00:55,01F0467N,01F0413N,31,191,29
2024/04/23 00:55,01F0467N,01F0413N,32,204,9
2024/04/23 00:55,01F0467N,01F0413N,41,211,2
2024/04/23 00:55,01F0467N,01F0413N,42,230,11
2024/04/23 00:55,01F0467N,01F0413N,5,242,7
2024/04/23 00:55,01F0376S,01F0413S,31,137,40
2024/04/23 00:55,01F0376S,01F0413S,32,140,15
2024/04/23 00:55,01F0376S,01F0413S,41,157,2
2024/04/23 00:55,01F0376S,01F0413S,42,182,11
2024/04/23 00:55,01F0376S,01F0413S,5,167,1
2024/04/23 00:55,01F0492N,01F0467N,31,88,21
2024/04/23 00:55,01F0492N,01F0467N,32,94,6
2024/04/23 00:55,01F0492N,01F0467N,41,0,0
2024/04/23 00:55,01F0492N,01F0467N,42,99,11
2024/04/23 00:55,01F0492N,01F0467N,5,103,13
2024/04/23 00:55,01F0413S,01F0467S,31,191,39
2024/04/23 00:55,01F0413S,01F0467S,32,187,5
2024/04/23 00:55,01F0413S,01F0467S,41,208,2
2024/04/23 00:55,01F0413S,01F0467S,42,209,9
2024/04/23 00:55,01F0413S,01F0467S,5,233,6
2024/04/23 00:55,01F0511N,01F0492N,31,65,28
2024/04/23 00:55,01F0511N,01F0492N,32,68,10
2024/04/23 00:55,01F0511N,01F0492N,41,59,1
2024/04/23 00:55,01F0511N,01F0492N,42,74,8
2024/04/23 00:55,01F0511N,01F0492N,5,70,13
2024/04/23 00:55,01F0467S,01F0492S,31,87,27
2024/04/23 00:55,01F0467S,01F0492S,32,90,6
2024/04/23 00:55,01F0467S,01F0492S,41,98,1
2024/04/23 00:55,01F0467S,01F0492S,42,92,10
2024/04/23 00:55,01F0467S,01F0492S,5,96,12
2024/04/23 00:55,01F0532N,01F0511N,31,80,28
2024/04/23 00:55,01F0532N,01F0511N,32,75,9
2024/04/23 00:55,01F0532N,01F0511N,41,0,0
2024/04/23 00:55,01F0532N,01F0511N,42,87,6
2024/04/23 00:55,01F0532N,01F0511N,5,80,12
2024/04/23 00:55,03F0525S,01F0511N,31,1566,1
2024/04/23 00:55,03F0525S,01F0511N,32,0,0
2024/04/23 00:55,03F0525S,01F0511N,41,0,0
2024/04/23 00:55,03F0525S,01F0511N,42,489,1
2024/04/23 00:55,03F0525S,01F0511N,5,0,0
2024/04/23 00:55,03F0559N,01F0511N,31,537,1
2024/04/23 00:55,03F0559N,01F0511N,32,532,1
2024/04/23 00:55,03F0559N,01F0511N,41,0,0
2024/04/23 00:55,03F0559N,01F0511N,42,0,0
2024/04/23 00:55,03F0559N,01F0511N,5,0,0
2024/04/23 00:55,01F0492S,01F0511S,31,67,29
2024/04/23 00:55,01F0492S,01F0511S,32,69,4
2024/04/23 00:55,01F0492S,01F0511S,41,87,1
2024/04/23 00:55,01F0492S,01F0511S,42,71,12
2024/04/23 00:55,01F0492S,01F0511S,5,71,10
2024/04/23 00:55,01F0532S,01F0532N,31,1763,6
2024/04/23 00:55,01F0532S,01F0532N,32,1756,1
2024/04/23 00:55,01F0532S,01F0532N,41,0,0
2024/04/23 00:55,01F0532S,01F0532N,42,0,0
2024/04/23 00:55,01F0532S,01F0532N,5,0,0
2024/04/23 00:55,01F0557N,01F0532N,31,88,40
2024/04/23 00:55,01F0557N,01F0532N,32,91,12
2024/04/23 00:55,01F0557N,01F0532N,41,0,0
2024/04/23 00:55,01F0557N,01F0532N,42,94,8
2024/04/23 00:55,01F0557N,01F0532N,5,96,6
2024/04/23 00:55,01F0511S,01F0532S,31,75,23
2024/04/23 00:55,01F0511S,01F0532S,32,87,7
2024/04/23 00:55,01F0511S,01F0532S,41,0,0
2024/04/23 00:55,01F0511S,01F0532S,42,85,14
2024/04/23 00:55,01F0511S,01F0532S,5,83,7
2024/04/23 00:55,03F0525S,01F0532S,31,558,2
2024/04/23 00:55,03F0525S,01F0532S,32,0,0
2024/04/23 00:55,03F0525S,01F0532S,41,0,0
2024/04/23 00:55,03F0525S,01F0532S,42,0,0
2024/04/23 00:55,03F0525S,01F0532S,5,0,0
2024/04/23 00:55,03F0559N,01F0532S,31,0,0
2024/04/23 00:55,03F0559N,01F0532S,32,0,0
2024/04/23 00:55,03F0559N,01F0532S,41,0,0
2024/04/23 00:55,03F0559N,01F0532S,42,0,0
2024/04/23 00:55,03F0559N,01F0532S,5,0,0
2024/04/23 00:55,01F0584N,01F0557N,31,97,36
2024/04/23 00:55,01F0584N,01F0557N,32,101,9
2024/04/23 00:55,01F0584N,01F0557N,41,1135,1
2024/04/23 00:55,01F0584N,01F0557N,42,101,11
2024/04/23 00:55,01F0584N,01F0557N,5,114,7
2024/04/23 00:55,01F0532S,01F0557S,31,94,39
2024/04/23 00:55,01F0532S,01F0557S,32,96,15
2024/04/23 00:55,01F0532S,01F0557S,41,93,1
2024/04/23 00:55,01F0532S,01F0557S,42,102,16
2024/04/23 00:55,01F0532S,01F0557S,5,95,15
2024/04/23 00:55,01F0557N,01F0557S,31,893,1
2024/04/23 00:55,01F0557N,01F0557S,32,2055,2
2024/04/23 00:55,01F0557N,01F0557S,41,0,0
2024/04/23 00:55,01F0557N,01F0557S,42,0,0
2024/04/23 00:55,01F0557N,01F0557S,5,0,0
2024/04/23 00:55,01F0557S,01F0578S,31,79,24
2024/04/23 00:55,01F0557S,01F0578S,32,88,5
2024/04/23 00:55,01F0557S,01F0578S,41,0,0
2024/04/23 00:55,01F0557S,01F0578S,42,88,9
2024/04/23 00:55,01F0557S,01F0578S,5,82,14
2024/04/23 00:55,01F0633N,01F0584N,31,172,26
2024/04/23 00:55,01F0633N,01F0584N,32,176,9
2024/04/23 00:55,01F0633N,01F0584N,41,0,0
2024/04/23 00:55,01F0633N,01F0584N,42,187,8
2024/04/23 00:55,01F0633N,01F0584N,5,205,8
2024/04/23 00:55,01H0608N,01F0584N,31,89,4
2024/04/23 00:55,01H0608N,01F0584N,32,107,1
2024/04/23 00:55,01H0608N,01F0584N,41,0,0
2024/04/23 00:55,01H0608N,01F0584N,42,0,0
2024/04/23 00:55,01H0608N,01F0584N,5,0,0
2024/04/23 00:55,01F0664N,01F0633N,31,109,24
2024/04/23 00:55,01F0664N,01F0633N,32,111,10
2024/04/23 00:55,01F0664N,01F0633N,41,0,0
2024/04/23 00:55,01F0664N,01F0633N,42,120,5
2024/04/23 00:55,01F0664N,01F0633N,5,126,13
2024/04/23 00:55,01F0578S,01F0633S,31,196,24
2024/04/23 00:55,01F0578S,01F0633S,32,209,6
2024/04/23 00:55,01F0578S,01F0633S,41,0,0
2024/04/23 00:55,01F0578S,01F0633S,42,212,9
2024/04/23 00:55,01F0578S,01F0633S,5,232,8
2024/04/23 00:55,01H0579S,01F0633S,31,197,11
2024/04/23 00:55,01H0579S,01F0633S,32,222,2
2024/04/23 00:55,01H0579S,01F0633S,41,0,0
2024/04/23 00:55,01H0579S,01F0633S,42,0,0
2024/04/23 00:55,01H0579S,01F0633S,5,0,0
2024/04/23 00:55,01F0681N,01F0664N,31,60,29
2024/04/23 00:55,01F0681N,01F0664N,32,59,14
2024/04/23 00:55,01F0681N,01F0664N,41,59,2
2024/04/23 00:55,01F0681N,01F0664N,42,62,7
2024/04/23 00:55,01F0681N,01F0664N,5,67,16
2024/04/23 00:55,01F0633S,01F0664S,31,108,27
2024/04/23 00:55,01F0633S,01F0664S,32,116,7
2024/04/23 00:55,01F0633S,01F0664S,41,124,1
2024/04/23 00:55,01F0633S,01F0664S,42,119,11
2024/04/23 00:55,01F0633S,01F0664S,5,120,9
2024/04/23 00:55,01F0699N,01F0681N,31,65,23
2024/04/23 00:55,01F0699N,01F0681N,32,65,9
2024/04/23 00:55,01F0699N,01F0681N,41,69,2
2024/04/23 00:55,01F0699N,01F0681N,42,71,6
2024/04/23 00:55,01F0699N,01F0681N,5,74,16
2024/04/23 00:55,01F0664S,01F0681S,31,57,30
2024/04/23 00:55,01F0664S,01F0681S,32,63,7
2024/04/23 00:55,01F0664S,01F0681S,41,65,1
2024/04/23 00:55,01F0664S,01F0681S,42,63,13
2024/04/23 00:55,01F0664S,01F0681S,5,66,13
2024/04/23 00:55,01F0750N,01F0699N,31,171,27
2024/04/23 00:55,01F0750N,01F0699N,32,169,4
2024/04/23 00:55,01F0750N,01F0699N,41,185,2
2024/04/23 00:55,01F0750N,01F0699N,42,187,8
2024/04/23 00:55,01F0750N,01F0699N,5,200,19
2024/04/23 00:55,01F0681S,01F0699S,31,66,16
2024/04/23 00:55,01F0681S,01F0699S,32,68,8
2024/04/23 00:55,01F0681S,01F0699S,41,77,1
2024/04/23 00:55,01F0681S,01F0699S,42,72,11
2024/04/23 00:55,01F0681S,01F0699S,5,75,11
2024/04/23 00:55,01F0880N,01F0750N,31,462,29
2024/04/23 00:55,01F0880N,01F0750N,32,488,10
2024/04/23 00:55,01F0880N,01F0750N,41,543,2
2024/04/23 00:55,01F0880N,01F0750N,42,552,8
2024/04/23 00:55,01F0880N,01F0750N,5,533,17
2024/04/23 00:55,01F0699S,01F0750S,31,170,15
2024/04/23 00:55,01F0699S,01F0750S,32,174,5
2024/04/23 00:55,01F0699S,01F0750S,41,191,1
2024/04/23 00:55,01F0699S,01F0750S,42,195,15
2024/04/23 00:55,01F0699S,01F0750S,5,201,12
2024/04/23 00:55,01H0610S,01F0750S,31,486,26
2024/04/23 00:55,01H0610S,01F0750S,32,485,2
2024/04/23 00:55,01H0610S,01F0750S,41,0,0
2024/04/23 00:55,01H0610S,01F0750S,42,0,0
2024/04/23 00:55,01H0610S,01F0750S,5,0,0
2024/04/23 00:55,01F0928N,01F0880N,31,162,38
2024/04/23 00:55,01F0928N,01F0880N,32,162,8
2024/04/23 00:55,01F0928N,01F0880N,41,186,1
2024/04/23 00:55,01F0928N,01F0880N,42,171,8
2024/04/23 00:55,01F0928N,01F0880N,5,191,15
2024/04/23 00:55,01F0750S,01F0880S,31,456,30
2024/04/23 00:55,01F0750S,01F0880S,32,444,12
2024/04/23 00:55,01F0750S,01F0880S,41,471,1
2024/04/23 00:55,01F0750S,01F0880S,42,496,12
2024/04/23 00:55,01F0750S,01F0880S,5,500,16
2024/04/23 00:55,01F0956N,01F0928N,31,94,30
2024/04/23 00:55,01F0956N,01F0928N,32,96,10
2024/04/23 00:55,01F0956N,01F0928N,41,0,0
2024/04/23 00:55,01F0956N,01F0928N,42,109,7
2024/04/23 00:55,01F0956N,01F0928N,5,108,14
2024/04/23 00:55,01F0880S,01F0928S,31,162,33
2024/04/23 00:55,01F0880S,01F0928S,32,162,10
2024/04/23 00:55,01F0880S,01F0928S,41,175,2
2024/04/23 00:55,01F0880S,01F0928S,42,197,11
2024/04/23 00:55,01F0880S,01F0928S,5,184,21
2024/04/23 00:55,01F0928S,01F0950S,31,75,32
2024/04/23 00:55,01F0928S,01F0950S,32,76,6
2024/04/23 00:55,01F0928S,01F0950S,41,81,1
2024/04/23 00:55,01F0928S,01F0950S,42,81,8
2024/04/23 00:55,01F0928S,01F0950S,5,88,20
2024/04/23 00:55,01F0979N,01F0956N,31,79,33
2024/04/23 00:55,01F0979N,01F0956N,32,82,8
2024/04/23 00:55,01F0979N,01F0956N,41,87,1
2024/04/23 00:55,01F0979N,01F0956N,42,91,4
2024/04/23 00:55,01F0979N,01F0956N,5,97,12
2024/04/23 00:55,01F1045N,01F0979N,31,228,23
2024/04/23 00:55,01F1045N,01F0979N,32,228,6
2024/04/23 00:55,01F1045N,01F0979N,41,249,2
2024/04/23 00:55,01F1045N,01F0979N,42,266,3
2024/04/23 00:55,01F1045N,01F0979N,5,276,12
2024/04/23 00:55,03F0996S,01F0979N,31,84,3
2024/04/23 00:55,03F0996S,01F0979N,32,0,0
2024/04/23 00:55,03F0996S,01F0979N,41,0,0
2024/04/23 00:55,03F0996S,01F0979N,42,105,2
2024/04/23 00:55,03F0996S,01F0979N,5,92,1
2024/04/23 00:55,03F1022N,01F0979N,31,122,15
2024/04/23 00:55,03F1022N,01F0979N,32,132,6
2024/04/23 00:55,03F1022N,01F0979N,41,0,0
2024/04/23 00:55,03F1022N,01F0979N,42,140,1
2024/04/23 00:55,03F1022N,01F0979N,5,129,4
2024/04/23 00:55,01F0950S,01F0980S,31,102,32
2024/04/23 00:55,01F0950S,01F0980S,32,104,2
2024/04/23 00:55,01F0950S,01F0980S,41,109,3
2024/04/23 00:55,01F0950S,01F0980S,42,110,9
2024/04/23 00:55,01F0950S,01F0980S,5,120,15
2024/04/23 00:55,01F1123N,01F1045N,31,258,15
2024/04/23 00:55,01F1123N,01F1045N,32,286,5
2024/04/23 00:55,01F1123N,01F1045N,41,0,0
2024/04/23 00:55,01F1123N,01F1045N,42,277,6
2024/04/23 00:55,01F1123N,01F1045N,5,328,10
2024/04/23 00:55,01F0980S,01F1045S,31,226,33
2024/04/23 00:55,01F0980S,01F1045S,32,277,1
2024/04/23 00:55,01F0980S,01F1045S,41,235,4
2024/04/23 00:55,01F0980S,01F1045S,42,251,11
2024/04/23 00:55,01F0980S,01F1045S,5,272,8
2024/04/23 00:55,03F0996S,01F1045S,31,232,3
2024/04/23 00:55,03F0996S,01F1045S,32,246,3
2024/04/23 00:55,03F0996S,01F1045S,41,0,0
2024/04/23 00:55,03F0996S,01F1045S,42,0,0
2024/04/23 00:55,03F0996S,01F1045S,5,0,0
2024/04/23 00:55,03F1022N,01F1045S,31,0,0
2024/04/23 00:55,03F1022N,01F1045S,32,0,0
2024/04/23 00:55,03F1022N,01F1045S,41,0,0
2024/04/23 00:55,03F1022N,01F1045S,42,0,0
2024/04/23 00:55,03F1022N,01F1045S,5,0,0
2024/04/23 00:55,01F1292N,01F1123N,31,570,27
2024/04/23 00:55,01F1292N,01F1123N,32,578,6
2024/04/23 00:55,01F1292N,01F1123N,41,654,2
2024/04/23 00:55,01F1292N,01F1123N,42,690,10
2024/04/23 00:55,01F1292N,01F1123N,5,627,8
2024/04/23 00:55,01F1045S,01F1123S,31,269,28
2024/04/23 00:55,01F1045S,01F1123S,32,278,7
2024/04/23 00:55,01F1045S,01F1123S,41,0,0
2024/04/23 00:55,01F1045S,01F1123S,42,289,7
2024/04/23 00:55,01F1045S,01F1123S,5,293,12
2024/04/23 00:55,01F1389N,01F1292N,31,315,20
2024/04/23 00:55,01F1389N,01F1292N,32,330,12
2024/04/23 00:55,01F1389N,01F1292N,41,379,1
2024/04/23 00:55,01F1389N,01F1292N,42,340,3
2024/04/23 00:55,01F1389N,01F1292N,5,383,6
2024/04/23 00:55,01F1123S,01F1292S,31,566,20
2024/04/23 00:55,01F1123S,01F1292S,32,620,3
2024/04/23 00:55,01F1123S,01F1292S,41,699,2
2024/04/23 00:55,01F1123S,01F1292S,42,723,7
2024/04/23 00:55,01F1123S,01F1292S,5,706,11
2024/04/23 00:55,01F1465N,01F1389N,31,257,22
2024/04/23 00:55,01F1465N,01F1389N,32,266,5
2024/04/23 00:55,01F1465N,01F1389N,41,0,0
2024/04/23 00:55,01F1465N,01F1389N,42,286,11
2024/04/23 00:55,01F1465N,01F1389N,5,287,7
2024/04/23 00:55,01F1292S,01F1389S,31,337,16
2024/04/23 00:55,01F1292S,01F1389S,32,351,7
2024/04/23 00:55,01F1292S,01F1389S,41,358,1
2024/04/23 00:55,01F1292S,01F1389S,42,380,9
2024/04/23 00:55,01F1292S,01F1389S,5,374,13
2024/04/23 00:55,01F1572N,01F1465N,31,355,26
2024/04/23 00:55,01F1572N,01F1465N,32,377,3
2024/04/23 00:55,01F1572N,01F1465N,41,400,3
2024/04/23 00:55,01F1572N,01F1465N,42,422,12
2024/04/23 00:55,01F1572N,01F1465N,5,461,8
2024/04/23 00:55,01F1389S,01F1465S,31,261,26
2024/04/23 00:55,01F1389S,01F1465S,32,272,5
2024/04/23 00:55,01F1389S,01F1465S,41,314,2
2024/04/23 00:55,01F1389S,01F1465S,42,316,8
2024/04/23 00:55,01F1389S,01F1465S,5,318,7
2024/04/23 00:55,01F1621N,01F1572N,31,164,20
2024/04/23 00:55,01F1621N,01F1572N,32,164,7
2024/04/23 00:55,01F1621N,01F1572N,41,174,2
2024/04/23 00:55,01F1621N,01F1572N,42,195,7
2024/04/23 00:55,01F1621N,01F1572N,5,200,10
2024/04/23 00:55,01F1465S,01F1572S,31,357,28
2024/04/23 00:55,01F1465S,01F1572S,32,381,5
2024/04/23 00:55,01F1465S,01F1572S,41,416,1
2024/04/23 00:55,01F1465S,01F1572S,42,408,10
2024/04/23 00:55,01F1465S,01F1572S,5,431,12
2024/04/23 00:55,01F1664N,01F1621N,31,134,21
2024/04/23 00:55,01F1664N,01F1621N,32,139,9
2024/04/23 00:55,01F1664N,01F1621N,41,159,3
2024/04/23 00:55,01F1664N,01F1621N,42,159,11
2024/04/23 00:55,01F1664N,01F1621N,5,164,12
2024/04/23 00:55,03F1651S,01F1621N,31,0,0
2024/04/23 00:55,03F1651S,01F1621N,32,0,0
2024/04/23 00:55,03F1651S,01F1621N,41,0,0
2024/04/23 00:55,03F1651S,01F1621N,42,0,0
2024/04/23 00:55,03F1651S,01F1621N,5,0,0
2024/04/23 00:55,03F1710N,01F1621N,31,644,1
2024/04/23 00:55,03F1710N,01F1621N,32,0,0
2024/04/23 00:55,03F1710N,01F1621N,41,0,0
2024/04/23 00:55,03F1710N,01F1621N,42,0,0
2024/04/23 00:55,03F1710N,01F1621N,5,644,1
2024/04/23 00:55,01F1572S,01F1621S,31,161,30
2024/04/23 00:55,01F1572S,01F1621S,32,457,10
2024/04/23 00:55,01F1572S,01F1621S,41,0,0
2024/04/23 00:55,01F1572S,01F1621S,42,188,10
2024/04/23 00:55,01F1572S,01F1621S,5,190,11
2024/04/23 00:55,01F1699N,01F1664N,31,107,26
2024/04/23 00:55,01F1699N,01F1664N,32,113,9
2024/04/23 00:55,01F1699N,01F1664N,41,128,1
2024/04/23 00:55,01F1699N,01F1664N,42,120,13
2024/04/23 00:55,01F1699N,01F1664N,5,137,12
2024/04/23 00:55,01F1621S,01F1664S,31,140,28
2024/04/23 00:55,01F1621S,01F1664S,32,143,8
2024/04/23 00:55,01F1621S,01F1664S,41,150,3
2024/04/23 00:55,01F1621S,01F1664S,42,245,14
2024/04/23 00:55,01F1621S,01F1664S,5,232,10
2024/04/23 00:55,03F1651S,01F1664S,31,433,2
2024/04/23 00:55,03F1651S,01F1664S,32,0,0
2024/04/23 00:55,03F1651S,01F1664S,41,0,0
2024/04/23 00:55,03F1651S,01F1664S,42,0,0
2024/04/23 00:55,03F1651S,01F1664S,5,0,0
2024/04/23 00:55,03F1710N,01F1664S,31,0,0
2024/04/23 00:55,03F1710N,01F1664S,32,0,0
2024/04/23 00:55,03F1710N,01F1664S,41,0,0
2024/04/23 00:55,03F1710N,01F1664S,42,0,0
2024/04/23 00:55,03F1710N,01F1664S,5,0,0
2024/04/23 00:55,01F1774N,01F1699N,31,252,28
2024/04/23 00:55,01F1774N,01F1699N,32,264,8
2024/04/23 00:55,01F1774N,01F1699N,41,279,1
2024/04/23 00:55,01F1774N,01F1699N,42,266,8
2024/04/23 00:55,01F1774N,01F1699N,5,317,8
2024/04/23 00:55,01F1664S,01F1699S,31,113,19
2024/04/23 00:55,01F1664S,01F1699S,32,117,7
2024/04/23 00:55,01F1664S,01F1699S,41,134,3
2024/04/23 00:55,01F1664S,01F1699S,42,132,12
2024/04/23 00:55,01F1664S,01F1699S,5,142,7
2024/04/23 00:55,01F1802N,01F1774N,31,88,27
2024/04/23 00:55,01F1802N,01F1774N,32,94,10
2024/04/23 00:55,01F1802N,01F1774N,41,0,0
2024/04/23 00:55,01F1802N,01F1774N,42,108,12
2024/04/23 00:55,01F1802N,01F1774N,5,109,13
2024/04/23 00:55,01F1699S,01F1774S,31,252,25
2024/04/23 00:55,01F1699S,01F1774S,32,261,4
2024/04/23 00:55,01F1699S,01F1774S,41,287,1
2024/04/23 00:55,01F1699S,01F1774S,42,281,7
2024/04/23 00:55,01F1699S,01F1774S,5,274,3
2024/04/23 00:55,01F1839N,01F1802N,31,123,31
2024/04/23 00:55,01F1839N,01F1802N,32,124,13
2024/04/23 00:55,01F1839N,01F1802N,41,162,1
2024/04/23 00:55,01F1839N,01F1802N,42,133,12
2024/04/23 00:55,01F1839N,01F1802N,5,147,11
2024/04/23 00:55,01F1774S,01F1802S,31,92,17
2024/04/23 00:55,01F1774S,01F1802S,32,90,4
2024/04/23 00:55,01F1774S,01F1802S,41,751,2
2024/04/23 00:55,01F1774S,01F1802S,42,98,7
2024/04/23 00:55,01F1774S,01F1802S,5,101,4
2024/04/23 00:55,01F1906N,01F1839N,31,218,32
2024/04/23 00:55,01F1906N,01F1839N,32,223,14
2024/04/23 00:55,01F1906N,01F1839N,41,0,0
2024/04/23 00:55,01F1906N,01F1839N,42,261,12
2024/04/23 00:55,01F1906N,01F1839N,5,272,9
2024/04/23 00:55,01F1802S,01F1839S,31,118,17
2024/04/23 00:55,01F1802S,01F1839S,32,118,6
2024/04/23 00:55,01F1802S,01F1839S,41,0,0
2024/04/23 00:55,01F1802S,01F1839S,42,131,8
2024/04/23 00:55,01F1802S,01F1839S,5,140,7
2024/04/23 00:55,01F1960N,01F1906N,31,175,37
2024/04/23 00:55,01F1960N,01F1906N,32,178,10
2024/04/23 00:55,01F1960N,01F1906N,41,0,0
2024/04/23 00:55,01F1960N,01F1906N,42,214,14
2024/04/23 00:55,01F1960N,01F1906N,5,221,13
2024/04/23 00:55,03F1944S,01F1906N,31,0,0
2024/04/23 00:55,03F1944S,01F1906N,32,0,0
2024/04/23 00:55,03F1944S,01F1906N,41,0,0
2024/04/23 00:55,03F1944S,01F1906N,42,0,0
2024/04/23 00:55,03F1944S,01F1906N,5,0,0
2024/04/23 00:55,03F1992N,01F1906N,31,207,1
2024/04/23 00:55,03F1992N,01F1906N,32,0,0
2024/04/23 00:55,03F1992N,01F1906N,41,0,0
2024/04/23 00:55,03F1992N,01F1906N,42,0,0
2024/04/23 00:55,03F1992N,01F1906N,5,0,0
2024/04/23 00:55,01F1839S,01F1906S,31,219,29
2024/04/23 00:55,01F1839S,01F1906S,32,217,5
2024/04/23 00:55,01F1839S,01F1906S,41,258,1
2024/04/23 00:55,01F1839S,01F1906S,42,252,6
2024/04/23 00:55,01F1839S,01F1906S,5,283,4
2024/04/23 00:55,01F2011N,01F1960N,31,159,21
2024/04/23 00:55,01F2011N,01F1960N,32,166,6
2024/04/23 00:55,01F2011N,01F1960N,41,187,2
2024/04/23 00:55,01F2011N,01F1960N,42,190,12
2024/04/23 00:55,01F2011N,01F1960N,5,204,15
2024/04/23 00:55,01F1906S,01F1960S,31,178,26
2024/04/23 00:55,01F1906S,01F1960S,32,186,6
2024/04/23 00:55,01F1906S,01F1960S,41,0,0
2024/04/23 00:55,01F1906S,01F1960S,42,191,10
2024/04/23 00:55,01F1906S,01F1960S,5,215,8
2024/04/23 00:55,03F1944S,01F1960S,31,229,7
2024/04/23 00:55,03F1944S,01F1960S,32,218,1
2024/04/23 00:55,03F1944S,01F1960S,41,0,0
2024/04/23 00:55,03F1944S,01F1960S,42,253,4
2024/04/23 00:55,03F1944S,01F1960S,5,259,7
2024/04/23 00:55,03F1992N,01F1960S,31,227,3
2024/04/23 00:55,03F1992N,01F1960S,32,263,1
2024/04/23 00:55,03F1992N,01F1960S,41,0,0
2024/04/23 00:55,03F1992N,01F1960S,42,0,0
2024/04/23 00:55,03F1992N,01F1960S,5,286,1
2024/04/23 00:55,01F2089N,01F2011N,31,249,33
2024/04/23 00:55,01F2089N,01F2011N,32,256,7
2024/04/23 00:55,01F2089N,01F2011N,41,284,3
2024/04/23 00:55,01F2089N,01F2011N,42,313,12
2024/04/23 00:55,01F2089N,01F2011N,5,307,18
2024/04/23 00:55,01F1960S,01F2011S,31,169,26
2024/04/23 00:55,01F1960S,01F2011S,32,180,8
2024/04/23 00:55,01F1960S,01F2011S,41,173,1
2024/04/23 00:55,01F1960S,01F2011S,42,184,11
2024/04/23 00:55,01F1960S,01F2011S,5,195,11
2024/04/23 00:55,01F2156N,01F2089N,31,219,37
2024/04/23 00:55,01F2156N,01F2089N,32,222,6
2024/04/23 00:55,01F2156N,01F2089N,41,0,0
2024/04/23 00:55,01F2156N,01F2089N,42,249,5
2024/04/23 00:55,01F2156N,01F2089N,5,278,18
2024/04/23 00:55,01F2011S,01F2089S,31,261,22
2024/04/23 00:55,01F2011S,01F2089S,32,272,5
2024/04/23 00:55,01F2011S,01F2089S,41,258,1
2024/04/23 00:55,01F2011S,01F2089S,42,289,13
2024/04/23 00:55,01F2011S,01F2089S,5,301,15
2024/04/23 00:55,01F2249N,01F2156N,31,303,37
2024/04/23 00:55,01F2249N,01F2156N,32,291,5
2024/04/23 00:55,01F2249N,01F2156N,41,335,1
2024/04/23 00:55,01F2249N,01F2156N,42,446,10
2024/04/23 00:55,01F2249N,01F2156N,5,463,13
2024/04/23 00:55,01F2089S,01F2156S,31,214,30
2024/04/23 00:55,01F2089S,01F2156S,32,217,5
2024/04/23 00:55,01F2089S,01F2156S,41,0,0
2024/04/23 00:55,01F2089S,01F2156S,42,245,16
2024/04/23 00:55,01F2089S,01F2156S,5,259,15
2024/04/23 00:55,01F2322N,01F2249N,31,237,31
2024/04/23 00:55,01F2322N,01F2249N,32,233,8
2024/04/23 00:55,01F2322N,01F2249N,41,266,2
2024/04/23 00:55,01F2322N,01F2249N,42,284,9
2024/04/23 00:55,01F2322N,01F2249N,5,297,20
2024/04/23 00:55,01F2156S,01F2249S,31,286,25
2024/04/23 00:55,01F2156S,01F2249S,32,326,8
2024/04/23 00:55,01F2156S,01F2249S,41,0,0
2024/04/23 00:55,01F2156S,01F2249S,42,342,10
2024/04/23 00:55,01F2156S,01F2249S,5,387,15
2024/04/23 00:55,01F2394N,01F2322N,31,250,26
2024/04/23 00:55,01F2394N,01F2322N,32,249,5
2024/04/23 00:55,01F2394N,01F2322N,41,0,0
2024/04/23 00:55,01F2394N,01F2322N,42,278,6
2024/04/23 00:55,01F2394N,01F2322N,5,312,9
2024/04/23 00:55,01F2249S,01F2322S,31,227,27
2024/04/23 00:55,01F2249S,01F2322S,32,266,5
2024/04/23 00:55,01F2249S,01F2322S,41,269,3
2024/04/23 00:55,01F2249S,01F2322S,42,281,8
2024/04/23 00:55,01F2249S,01F2322S,5,306,10
2024/04/23 00:55,01F2425N,01F2394N,31,100,33
2024/04/23 00:55,01F2425N,01F2394N,32,100,5
2024/04/23 00:55,01F2425N,01F2394N,41,87,1
2024/04/23 00:55,01F2425N,01F2394N,42,114,10
2024/04/23 00:55,01F2425N,01F2394N,5,128,15
2024/04/23 00:55,01F2322S,01F2394S,31,227,28
2024/04/23 00:55,01F2322S,01F2394S,32,228,7
2024/04/23 00:55,01F2322S,01F2394S,41,256,2
2024/04/23 00:55,01F2322S,01F2394S,42,280,8
2024/04/23 00:55,01F2322S,01F2394S,5,301,16
2024/04/23 00:55,01F2472N,01F2425N,31,143,23
2024/04/23 00:55,01F2472N,01F2425N,32,140,4
2024/04/23 00:55,01F2472N,01F2425N,41,173,1
2024/04/23 00:55,01F2472N,01F2425N,42,175,7
2024/04/23 00:55,01F2472N,01F2425N,5,204,15
2024/04/23 00:55,01F2394S,01F2425S,31,98,24
2024/04/23 00:55,01F2394S,01F2425S,32,99,8
2024/04/23 00:55,01F2394S,01F2425S,41,112,2
2024/04/23 00:55,01F2394S,01F2425S,42,113,6
2024/04/23 00:55,01F2394S,01F2425S,5,126,15
2024/04/23 00:55,01F2514N,01F2472N,31,132,23
2024/04/23 00:55,01F2514N,01F2472N,32,131,7
2024/04/23 00:55,01F2514N,01F2472N,41,134,1
2024/04/23 00:55,01F2514N,01F2472N,42,156,4
2024/04/23 00:55,01F2514N,01F2472N,5,166,11
2024/04/23 00:55,01F2425S,01F2472S,31,150,16
2024/04/23 00:55,01F2425S,01F2472S,32,152,6
2024/04/23 00:55,01F2425S,01F2472S,41,177,3
2024/04/23 00:55,01F2425S,01F2472S,42,186,6
2024/04/23 00:55,01F2425S,01F2472S,5,192,11
2024/04/23 00:55,01F2603N,01F2514N,31,281,18
2024/04/23 00:55,01F2603N,01F2514N,32,268,5
2024/04/23 00:55,01F2603N,01F2514N,41,336,1
2024/04/23 00:55,01F2603N,01F2514N,42,343,8
2024/04/23 00:55,01F2603N,01F2514N,5,368,13
2024/04/23 00:55,01F2472S,01F2514S,31,135,20
2024/04/23 00:55,01F2472S,01F2514S,32,133,6
2024/04/23 00:55,01F2472S,01F2514S,41,177,1
2024/04/23 00:55,01F2472S,01F2514S,42,159,11
2024/04/23 00:55,01F2472S,01F2514S,5,177,12
2024/04/23 00:55,01F2674N,01F2603N,31,238,10
2024/04/23 00:55,01F2674N,01F2603N,32,238,1
2024/04/23 00:55,01F2674N,01F2603N,41,254,2
2024/04/23 00:55,01F2674N,01F2603N,42,280,5
2024/04/23 00:55,01F2674N,01F2603N,5,316,13
2024/04/23 00:55,01F2514S,01F2603S,31,280,34
2024/04/23 00:55,01F2514S,01F2603S,32,295,11
2024/04/23 00:55,01F2514S,01F2603S,41,337,1
2024/04/23 00:55,01F2514S,01F2603S,42,325,7
2024/04/23 00:55,01F2514S,01F2603S,5,361,11
2024/04/23 00:55,01F2714N,01F2674N,31,133,17
2024/04/23 00:55,01F2714N,01F2674N,32,135,4
2024/04/23 00:55,01F2714N,01F2674N,41,153,1
2024/04/23 00:55,01F2714N,01F2674N,42,148,6
2024/04/23 00:55,01F2714N,01F2674N,5,171,18
2024/04/23 00:55,01F2603S,01F2674S,31,230,22
2024/04/23 00:55,01F2603S,01F2674S,32,215,4
2024/04/23 00:55,01F2603S,01F2674S,41,304,4
2024/04/23 00:55,01F2603S,01F2674S,42,276,10
2024/04/23 00:55,01F2603S,01F2674S,5,288,12
2024/04/23 00:55,01F2827N,01F2714N,31,368,24
2024/04/23 00:55,01F2827N,01F2714N,32,409,4
2024/04/23 00:55,01F2827N,01F2714N,41,0,0
2024/04/23 00:55,01F2827N,01F2714N,42,558,8
2024/04/23 00:55,01F2827N,01F2714N,5,588,10
2024/04/23 00:55,01F2674S,01F2714S,31,128,17
2024/04/23 00:55,01F2674S,01F2714S,32,128,8
2024/04/23 00:55,01F2674S,01F2714S,41,136,2
2024/04/23 00:55,01F2674S,01F2714S,42,157,6
2024/04/23 00:55,01F2674S,01F2714S,5,160,13
2024/04/23 00:55,01F2866N,01F2827N,31,132,18
2024/04/23 00:55,01F2866N,01F2827N,32,130,7
2024/04/23 00:55,01F2866N,01F2827N,41,141,1
2024/04/23 00:55,01F2866N,01F2827N,42,146,7
2024/04/23 00:55,01F2866N,01F2827N,5,156,17
2024/04/23 00:55,01F2714S,01F2827S,31,368,19
2024/04/23 00:55,01F2714S,01F2827S,32,393,6
2024/04/23 00:55,01F2714S,01F2827S,41,453,2
2024/04/23 00:55,01F2714S,01F2827S,42,475,5
2024/04/23 00:55,01F2714S,01F2827S,5,504,10
2024/04/23 00:55,01F2930N,01F2866N,31,220,15
2024/04/23 00:55,01F2930N,01F2866N,32,220,6
2024/04/23 00:55,01F2930N,01F2866N,41,0,0
2024/04/23 00:55,01F2930N,01F2866N,42,244,8
2024/04/23 00:55,01F2930N,01F2866N,5,255,19
2024/04/23 00:55,01F2827S,01F2866S,31,129,20
2024/04/23 00:55,01F2827S,01F2866S,32,133,13
2024/04/23 00:55,01F2827S,01F2866S,41,134,1
2024/04/23 00:55,01F2827S,01F2866S,42,146,6
2024/04/23 00:55,01F2827S,01F2866S,5,155,9
2024/04/23 00:55,01F3019N,01F2930N,31,290,18
2024/04/23 00:55,01F3019N,01F2930N,32,296,8
2024/04/23 00:55,01F3019N,01F2930N,41,325,1
2024/04/23 00:55,01F3019N,01F2930N,42,323,10
2024/04/23 00:55,01F3019N,01F2930N,5,350,19
2024/04/23 00:55,01F2866S,01F2930S,31,207,29
2024/04/23 00:55,01F2866S,01F2930S,32,212,5
2024/04/23 00:55,01F2866S,01F2930S,41,0,0
2024/04/23 00:55,01F2866S,01F2930S,42,248,13
2024/04/23 00:55,01F2866S,01F2930S,5,270,8
2024/04/23 00:55,01F3083N,01F3019N,31,200,23
2024/04/23 00:55,01F3083N,01F3019N,32,215,8
2024/04/23 00:55,01F3083N,01F3019N,41,239,2
2024/04/23 00:55,01F3083N,01F3019N,42,274,2
2024/04/23 00:55,01F3083N,01F3019N,5,273,14
2024/04/23 00:55,01F2930S,01F3019S,31,322,25
2024/04/23 00:55,01F2930S,01F3019S,32,315,4
2024/04/23 00:55,01F2930S,01F3019S,41,338,1
2024/04/23 00:55,01F2930S,01F3019S,42,378,8
2024/04/23 00:55,01F2930S,01F3019S,5,369,10
2024/04/23 00:55,01F3126N,01F3083N,31,134,18
2024/04/23 00:55,01F3126N,01F3083N,32,145,5
2024/04/23 00:55,01F3126N,01F3083N,41,156,2
2024/04/23 00:55,01F3126N,01F3083N,42,161,3
2024/04/23 00:55,01F3126N,01F3083N,5,169,13
2024/04/23 00:55,01F3019S,01F3083S,31,209,18
2024/04/23 00:55,01F3019S,01F3083S,32,220,6
2024/04/23 00:55,01F3019S,01F3083S,41,0,0
2024/04/23 00:55,01F3019S,01F3083S,42,244,10
2024/04/23 00:55,01F3019S,01F3083S,5,235,4
2024/04/23 00:55,01F3185N,01F3126N,31,197,16
2024/04/23 00:55,01F3185N,01F3126N,32,212,7
2024/04/23 00:55,01F3185N,01F3126N,41,226,1
2024/04/23 00:55,01F3185N,01F3126N,42,242,7
2024/04/23 00:55,01F3185N,01F3126N,5,240,14
2024/04/23 00:55,03F3445S,01F3126N,31,0,0
2024/04/23 00:55,03F3445S,01F3126N,32,0,0
2024/04/23 00:55,03F3445S,01F3126N,41,0,0
2024/04/23 00:55,03F3445S,01F3126N,42,0,0
2024/04/23 00:55,03F3445S,01F3126N,5,0,0
2024/04/23 00:55,03F3496N,01F3126N,31,456,1
2024/04/23 00:55,03F3496N,01F3126N,32,0,0
2024/04/23 00:55,03F3496N,01F3126N,41,0,0
2024/04/23 00:55,03F3496N,01F3126N,42,0,0
2024/04/23 00:55,03F3496N,01F3126N,5,0,0
2024/04/23 00:55,01F3083S,01F3126S,31,138,21
2024/04/23 00:55,01F3083S,01F3126S,32,142,10
2024/04/23 00:55,01F3083S,01F3126S,41,164,2
2024/04/23 00:55,01F3083S,01F3126S,42,168,8
2024/04/23 00:55,01F3083S,01F3126S,5,176,9
2024/04/23 00:55,01F3227N,01F3185N,31,140,20
2024/04/23 00:55,01F3227N,01F3185N,32,144,8
2024/04/23 00:55,01F3227N,01F3185N,41,0,0
2024/04/23 00:55,01F3227N,01F3185N,42,156,5
2024/04/23 00:55,01F3227N,01F3185N,5,162,11
2024/04/23 00:55,01F3126S,01F3185S,31,197,27
2024/04/23 00:55,01F3126S,01F3185S,32,195,9
2024/04/23 00:55,01F3126S,01F3185S,41,229,3
2024/04/23 00:55,01F3126S,01F3185S,42,240,3
2024/04/23 00:55,01F3126S,01F3185S,5,270,4
2024/04/23 00:55,03F3445S,01F3185S,31,0,0
2024/04/23 00:55,03F3445S,01F3185S,32,0,0
2024/04/23 00:55,03F3445S,01F3185S,41,0,0
2024/04/23 00:55,03F3445S,01F3185S,42,0,0
2024/04/23 00:55,03F3445S,01F3185S,5,0,0
2024/04/23 00:55,03F3496N,01F3185S,31,0,0
2024/04/23 00:55,03F3496N,01F3185S,32,0,0
2024/04/23 00:55,03F3496N,01F3185S,41,0,0
2024/04/23 00:55,03F3496N,01F3185S,42,0,0
2024/04/23 00:55,03F3496N,01F3185S,5,0,0
2024/04/23 00:55,01F3252N,01F3227N,31,85,18
2024/04/23 00:55,01F3252N,01F3227N,32,87,4
2024/04/23 00:55,01F3252N,01F3227N,41,97,2
2024/04/23 00:55,01F3252N,01F3227N,42,102,4
2024/04/23 00:55,01F3252N,01F3227N,5,98,14
2024/04/23 00:55,01F3185S,01F3227S,31,135,25
2024/04/23 00:55,01F3185S,01F3227S,32,133,7
2024/04/23 00:55,01F3185S,01F3227S,41,0,0
2024/04/23 00:55,01F3185S,01F3227S,42,150,6
2024/04/23 00:55,01F3185S,01F3227S,5,173,10
2024/04/23 00:55,01F3286N,01F3252N,31,114,8
2024/04/23 00:55,01F3286N,01F3252N,32,105,3
2024/04/23 00:55,01F3286N,01F3252N,41,0,0
2024/04/23 00:55,01F3286N,01F3252N,42,127,5
2024/04/23 00:55,01F3286N,01F3252N,5,138,12
2024/04/23 00:55,01F3227S,01F3252S,31,79,18
2024/04/23 00:55,01F3227S,01F3252S,32,86,8
2024/04/23 00:55,01F3227S,01F3252S,41,87,2
2024/04/23 00:55,01F3227S,01F3252S,42,87,9
2024/04/23 00:55,01F3227S,01F3252S,5,103,14
2024/04/23 00:55,01F3366N,01F3286N,31,251,17
2024/04/23 00:55,01F3366N,01F3286N,32,274,7
2024/04/23 00:55,01F3366N,01F3286N,41,0,0
2024/04/23 00:55,01F3366N,01F3286N,42,330,8
2024/04/23 00:55,01F3366N,01F3286N,5,330,10
2024/04/23 00:55,01F3252S,01F3286S,31,108,14
2024/04/23 00:55,01F3252S,01F3286S,32,117,6
2024/04/23 00:55,01F3252S,01F3286S,41,127,1
2024/04/23 00:55,01F3252S,01F3286S,42,125,7
2024/04/23 00:55,01F3252S,01F3286S,5,143,10
2024/04/23 00:55,01F3398N,01F3366N,31,99,29
2024/04/23 00:55,01F3398N,01F3366N,32,110,7
2024/04/23 00:55,01F3398N,01F3366N,41,106,1
2024/04/23 00:55,01F3398N,01F3366N,42,114,7
2024/04/23 00:55,01F3398N,01F3366N,5,126,10
2024/04/23 00:55,01F3286S,01F3366S,31,263,30
2024/04/23 00:55,01F3286S,01F3366S,32,282,8
2024/04/23 00:55,01F3286S,01F3366S,41,0,0
2024/04/23 00:55,01F3286S,01F3366S,42,269,1
2024/04/23 00:55,01F3286S,01F3366S,5,359,7
2024/04/23 00:55,01F3460N,01F3398N,31,205,26
2024/04/23 00:55,01F3460N,01F3398N,32,226,7
2024/04/23 00:55,01F3460N,01F3398N,41,0,0
2024/04/23 00:55,01F3460N,01F3398N,42,228,5
2024/04/23 00:55,01F3460N,01F3398N,5,248,15
2024/04/23 00:55,01F3366S,01F3398S,31,101,34
2024/04/23 00:55,01F3366S,01F3398S,32,114,4
2024/04/23 00:55,01F3366S,01F3398S,41,0,0
2024/04/23 00:55,01F3366S,01F3398S,42,116,3
2024/04/23 00:55,01F3366S,01F3398S,5,137,9
2024/04/23 00:55,01F3535N,01F3460N,31,253,21
2024/04/23 00:55,01F3535N,01F3460N,32,314,2
2024/04/23 00:55,01F3535N,01F3460N,41,0,0
2024/04/23 00:55,01F3535N,01F3460N,42,357,2
2024/04/23 00:55,01F3535N,01F3460N,5,302,10
2024/04/23 00:55,01F3398S,01F3460S,31,201,27
2024/04/23 00:55,01F3398S,01F3460S,32,223,5
2024/04/23 00:55,01F3398S,01F3460S,41,243,2
2024/04/23 00:55,01F3398S,01F3460S,42,246,7
2024/04/23 00:55,01F3398S,01F3460S,5,302,3
2024/04/23 00:55,01F3559N,01F3535N,31,85,17
2024/04/23 00:55,01F3559N,01F3535N,32,78,8
2024/04/23 00:55,01F3559N,01F3535N,41,0,0
2024/04/23 00:55,01F3559N,01F3535N,42,92,4
2024/04/23 00:55,01F3559N,01F3535N,5,96,9
2024/04/23 00:55,01F3460S,01F3535S,31,247,39
2024/04/23 00:55,01F3460S,01F3535S,32,277,8
2024/04/23 00:55,01F3460S,01F3535S,41,738,1
2024/04/23 00:55,01F3460S,01F3535S,42,291,4
2024/04/23 00:55,01F3460S,01F3535S,5,311,8
2024/04/23 00:55,01F3590N,01F3559N,31,104,11
2024/04/23 00:55,01F3590N,01F3559N,32,105,9
2024/04/23 00:55,01F3590N,01F3559N,41,0,0
2024/04/23 00:55,01F3590N,01F3559N,42,120,7
2024/04/23 00:55,01F3590N,01F3559N,5,126,12
2024/04/23 00:55,01F3535S,01F3561S,31,88,37
2024/04/23 00:55,01F3535S,01F3561S,32,98,6
2024/04/23 00:55,01F3535S,01F3561S,41,90,2
2024/04/23 00:55,01F3535S,01F3561S,42,92,1
2024/04/23 00:55,01F3535S,01F3561S,5,105,6
2024/04/23 00:55,01F3640N,01F3590N,31,166,19
2024/04/23 00:55,01F3640N,01F3590N,32,180,7
2024/04/23 00:55,01F3640N,01F3590N,41,222,1
2024/04/23 00:55,01F3640N,01F3590N,42,187,6
2024/04/23 00:55,01F3640N,01F3590N,5,215,10
2024/04/23 00:55,03F3743S,01F3590N,31,2539,1
2024/04/23 00:55,03F3743S,01F3590N,32,0,0
2024/04/23 00:55,03F3743S,01F3590N,41,0,0
2024/04/23 00:55,03F3743S,01F3590N,42,0,0
2024/04/23 00:55,03F3743S,01F3590N,5,0,0
2024/04/23 00:55,03F3854N,01F3590N,31,0,0
2024/04/23 00:55,03F3854N,01F3590N,32,0,0
2024/04/23 00:55,03F3854N,01F3590N,41,0,0
2024/04/23 00:55,03F3854N,01F3590N,42,1063,1
2024/04/23 00:55,03F3854N,01F3590N,5,988,2
2024/04/23 00:55,01F3561S,01F3590S,31,98,32
2024/04/23 00:55,01F3561S,01F3590S,32,100,12
2024/04/23 00:55,01F3561S,01F3590S,41,0,0
2024/04/23 00:55,01F3561S,01F3590S,42,107,5
2024/04/23 00:55,01F3561S,01F3590S,5,120,3
2024/04/23 00:55,01F3676N,01F3640N,31,139,15
2024/04/23 00:55,01F3676N,01F3640N,32,132,3
2024/04/23 00:55,01F3676N,01F3640N,41,0,0
2024/04/23 00:55,01F3676N,01F3640N,42,137,5
2024/04/23 00:55,01F3676N,01F3640N,5,151,13
2024/04/23 00:55,01F3590S,01F3640S,31,168,35
2024/04/23 00:55,01F3590S,01F3640S,32,177,12
2024/04/23 00:55,01F3590S,01F3640S,41,0,0
2024/04/23 00:55,01F3590S,01F3640S,42,187,5
2024/04/23 00:55,01F3590S,01F3640S,5,226,6
2024/04/23 00:55,03F3743S,01F3640S,31,946,1
2024/04/23 00:55,03F3743S,01F3640S,32,1059,1
2024/04/23 00:55,03F3743S,01F3640S,41,0,0
2024/04/23 00:55,03F3743S,01F3640S,42,1066,1
2024/04/23 00:55,03F3743S,01F3640S,5,0,0
2024/04/23 00:55,03F3854N,01F3640S,31,900,2
2024/04/23 00:55,03F3854N,01F3640S,32,0,0
2024/04/23 00:55,03F3854N,01F3640S,41,0,0
2024/04/23 00:55,03F3854N,01F3640S,42,0,0
2024/04/23 00:55,03F3854N,01F3640S,5,0,0
2024/04/23 00:55,01F3696N,01F3676N,31,74,17
2024/04/23 00:55,01F3696N,01F3676N,32,72,2
2024/04/23 00:55,01F3696N,01F3676N,41,0,0
2024/04/23 00:55,01F3696N,01F3676N,42,76,3
2024/04/23 00:55,01F3696N,01F3676N,5,82,13
2024/04/23 00:55,01F3640S,01F3676S,31,116,25
2024/04/23 00:55,01F3640S,01F3676S,32,112,8
2024/04/23 00:55,01F3640S,01F3676S,41,0,0
2024/04/23 00:55,01F3640S,01F3676S,42,133,8
2024/04/23 00:55,01F3640S,01F3676S,5,172,5
2024/04/23 00:55,01F3676S,01F3686S,31,35,32
2024/04/23 00:55,01F3676S,01F3686S,32,35,7
2024/04/23 00:55,01F3676S,01F3686S,41,0,0
2024/04/23 00:55,01F3676S,01F3686S,42,39,7
2024/04/23 00:55,01F3676S,01F3686S,5,47,7
2024/04/23 00:55,01F3736N,01F3696N,31,131,1
2024/04/23 00:55,01F3736N,01F3696N,32,0,0
2024/04/23 00:55,01F3736N,01F3696N,41,0,0
2024/04/23 00:55,01F3736N,01F3696N,42,0,0
2024/04/23 00:55,01F3736N,01F3696N,5,1365,1
2024/04/23 00:55,01F3686S,01F3736S,31,162,4
2024/04/23 00:55,01F3686S,01F3736S,32,0,0
2024/04/23 00:55,01F3686S,01F3736S,41,0,0
2024/04/23 00:55,01F3686S,01F3736S,42,0,0
2024/04/23 00:55,01F3686S,01F3736S,5,0,0
2024/04/23 00:55,01F0099S,01H0163S,31,235,6
2024/04/23 00:55,01F0099S,01H0163S,32,231,2
2024/04/23 00:55,01F0099S,01H0163S,41,0,0
2024/04/23 00:55,01F0099S,01H0163S,42,0,0
2024/04/23 00:55,01F0099S,01H0163S,5,0,0
2024/04/23 00:55,03F0087S,01H0163S,31,0,0
2024/04/23 00:55,03F0087S,01H0163S,32,0,0
2024/04/23 00:55,03F0087S,01H0163S,41,0,0
2024/04/23 00:55,03F0087S,01H0163S,42,0,0
2024/04/23 00:55,03F0087S,01H0163S,5,0,0
2024/04/23 00:55,03F0116N,01H0163S,31,269,2
2024/04/23 00:55,03F0116N,01H0163S,32,0,0
2024/04/23 00:55,03F0116N,01H0163S,41,0,0
2024/04/23 00:55,03F0116N,01H0163S,42,0,0
2024/04/23 00:55,03F0116N,01H0163S,5,0,0
2024/04/23 00:55,01H0200N,01H0174N,31,94,19
2024/04/23 00:55,01H0200N,01H0174N,32,92,5
2024/04/23 00:55,01H0200N,01H0174N,41,0,0
2024/04/23 00:55,01H0200N,01H0174N,42,95,1
2024/04/23 00:55,01H0200N,01H0174N,5,0,0
2024/04/23 00:55,01H0208N,01H0200N,31,26,22
2024/04/23 00:55,01H0208N,01H0200N,32,29,5
2024/04/23 00:55,01H0208N,01H0200N,41,0,0
2024/04/23 00:55,01H0208N,01H0200N,42,0,0
2024/04/23 00:55,01H0208N,01H0200N,5,0,0
2024/04/23 00:55,01H0163S,01H0206S,31,160,7
2024/04/23 00:55,01H0163S,01H0206S,32,172,3
2024/04/23 00:55,01H0163S,01H0206S,41,0,0
2024/04/23 00:55,01H0163S,01H0206S,42,0,0
2024/04/23 00:55,01H0163S,01H0206S,5,0,0
2024/04/23 00:55,01H0271N,01H0208N,31,218,23
2024/04/23 00:55,01H0271N,01H0208N,32,229,7
2024/04/23 00:55,01H0271N,01H0208N,41,0,0
2024/04/23 00:55,01H0271N,01H0208N,42,0,0
2024/04/23 00:55,01H0271N,01H0208N,5,0,0
2024/04/23 00:55,01F0340N,01H0271N,31,236,9
2024/04/23 00:55,01F0340N,01H0271N,32,246,1
2024/04/23 00:55,01F0340N,01H0271N,41,0,0
2024/04/23 00:55,01F0340N,01H0271N,42,0,0
2024/04/23 00:55,01F0340N,01H0271N,5,0,0
2024/04/23 00:55,01H0333N,01H0271N,31,218,15
2024/04/23 00:55,01H0333N,01H0271N,32,223,4
2024/04/23 00:55,01H0333N,01H0271N,41,0,0
2024/04/23 00:55,01H0333N,01H0271N,42,0,0
2024/04/23 00:55,01H0333N,01H0271N,5,0,0
2024/04/23 00:55,01H0206S,01H0305S,31,333,26
2024/04/23 00:55,01H0206S,01H0305S,32,374,4
2024/04/23 00:55,01H0206S,01H0305S,41,0,0
2024/04/23 00:55,01H0206S,01H0305S,42,0,0
2024/04/23 00:55,01H0206S,01H0305S,5,0,0
2024/04/23 00:55,01H0447N,01H0333N,31,401,23
2024/04/23 00:55,01H0447N,01H0333N,32,404,8
2024/04/23 00:55,01H0447N,01H0333N,41,0,0
2024/04/23 00:55,01H0447N,01H0333N,42,0,0
2024/04/23 00:55,01H0447N,01H0333N,5,0,0
2024/04/23 00:55,01H0305S,01H0334S,31,110,6
2024/04/23 00:55,01H0305S,01H0334S,32,102,3
2024/04/23 00:55,01H0305S,01H0334S,41,0,0
2024/04/23 00:55,01H0305S,01H0334S,42,0,0
2024/04/23 00:55,01H0305S,01H0334S,5,0,0
2024/04/23 00:55,01H0579N,01H0447N,31,443,13
2024/04/23 00:55,01H0579N,01H0447N,32,471,6
2024/04/23 00:55,01H0579N,01H0447N,41,0,0
2024/04/23 00:55,01H0579N,01H0447N,42,0,0
2024/04/23 00:55,01H0579N,01H0447N,5,0,0
2024/04/23 00:55,01F0339S,01H0447S,31,409,20
2024/04/23 00:55,01F0339S,01H0447S,32,456,1
2024/04/23 00:55,01F0339S,01H0447S,41,582,1
2024/04/23 00:55,01F0339S,01H0447S,42,0,0
2024/04/23 00:55,01F0339S,01H0447S,5,0,0
2024/04/23 00:55,01H0334S,01H0447S,31,433,8
2024/04/23 00:55,01H0334S,01H0447S,32,498,1
2024/04/23 00:55,01H0334S,01H0447S,41,407,1
2024/04/23 00:55,01H0334S,01H0447S,42,0,0
2024/04/23 00:55,01H0334S,01H0447S,5,0,0
2024/04/23 00:55,01F0633N,01H0579N,31,190,6
2024/04/23 00:55,01F0633N,01H0579N,32,201,2
2024/04/23 00:55,01F0633N,01H0579N,41,0,0
2024/04/23 00:55,01F0633N,01H0579N,42,0,0
2024/04/23 00:55,01F0633N,01H0579N,5,163,1
2024/04/23 00:55,01H0608N,01H0579N,31,103,13
2024/04/23 00:55,01H0608N,01H0579N,32,101,4
2024/04/23 00:55,01H0608N,01H0579N,41,0,0
2024/04/23 00:55,01H0608N,01H0579N,42,0,0
2024/04/23 00:55,01H0608N,01H0579N,5,0,0
2024/04/23 00:55,01H0447S,01H0579S,31,477,16
2024/04/23 00:55,01H0447S,01H0579S,32,410,2
2024/04/23 00:55,01H0447S,01H0579S,41,0,0
2024/04/23 00:55,01H0447S,01H0579S,42,0,0
2024/04/23 00:55,01H0447S,01H0579S,5,0,0
2024/04/23 00:55,01F0750N,01H0608N,31,477,9
2024/04/23 00:55,01F0750N,01H0608N,32,485,3
2024/04/23 00:55,01F0750N,01H0608N,41,0,0
2024/04/23 00:55,01F0750N,01H0608N,42,0,0
2024/04/23 00:55,01F0750N,01H0608N,5,0,0
2024/04/23 00:55,01F0578S,01H0610S,31,108,3
2024/04/23 00:55,01F0578S,01H0610S,32,0,0
2024/04/23 00:55,01F0578S,01H0610S,41,0,0
2024/04/23 00:55,01F0578S,01H0610S,42,0,0
2024/04/23 00:55,01F0578S,01H0610S,5,0,0
2024/04/23 00:55,01H0579S,01H0610S,31,111,15
2024/04/23 00:55,01H0579S,01H0610S,32,119,1
2024/04/23 00:55,01H0579S,01H0610S,41,0,0
2024/04/23 00:55,01H0579S,01H0610S,42,0,0
2024/04/23 00:55,01H0579S,01H0610S,5,0,0
2024/04/23 00:55,03A0041N,03A0015N,31,103,1
2024/04/23 00:55,03A0041N,03A0015N,32,116,3
2024/04/23 00:55,03A0041N,03A0015N,41,0,0
2024/04/23 00:55,03A0041N,03A0015N,42,0,0
2024/04/23 00:55,03A0041N,03A0015N,5,0,0
2024/04/23 00:55,03F0201S,03A0041N,31,67,5
2024/04/23 00:55,03F0201S,03A0041N,32,71,1
2024/04/23 00:55,03F0201S,03A0041N,41,0,0
2024/04/23 00:55,03F0201S,03A0041N,42,62,1
2024/04/23 00:55,03F0201S,03A0041N,5,0,0
2024/04/23 00:55,03F0217N,03A0041N,31,92,1
2024/04/23 00:55,03F0217N,03A0041N,32,94,1
2024/04/23 00:55,03F0217N,03A0041N,41,0,0
2024/04/23 00:55,03F0217N,03A0041N,42,0,0
2024/04/23 00:55,03F0217N,03A0041N,5,0,0
2024/04/23 00:55,03A0015S,03A0041S,31,113,6
2024/04/23 00:55,03A0015S,03A0041S,32,119,5
2024/04/23 00:55,03A0015S,03A0041S,41,0,0
2024/04/23 00:55,03A0015S,03A0041S,42,114,2
2024/04/23 00:55,03A0015S,03A0041S,5,0,0
2024/04/23 00:55,03F0054N,03F0021N,31,129,7
2024/04/23 00:55,03F0054N,03F0021N,32,138,2
2024/04/23 00:55,03F0054N,03F0021N,41,0,0
2024/04/23 00:55,03F0054N,03F0021N,42,0,0
2024/04/23 00:55,03F0054N,03F0021N,5,0,0
2024/04/23 00:55,01F0099S,03F0054N,31,0,0
2024/04/23 00:55,01F0099S,03F0054N,32,0,0
2024/04/23 00:55,01F0099S,03F0054N,41,0,0
2024/04/23 00:55,01F0099S,03F0054N,42,0,0
2024/04/23 00:55,01F0099S,03F0054N,5,0,0
2024/04/23 00:55,01F0147N,03F0054N,31,323,4
2024/04/23 00:55,01F0147N,03F0054N,32,0,0
2024/04/23 00:55,01F0147N,03F0054N,41,0,0
2024/04/23 00:55,01F0147N,03F0054N,42,0,0
2024/04/23 00:55,01F0147N,03F0054N,5,0,0
2024/04/23 00:55,01H0174N,03F0054N,31,414,4
2024/04/23 00:55,01H0174N,03F0054N,32,0,0
2024/04/23 00:55,01H0174N,03F0054N,41,0,0
2024/04/23 00:55,01H0174N,03F0054N,42,0,0
2024/04/23 00:55,01H0174N,03F0054N,5,0,0
2024/04/23 00:55,03F0116N,03F0054N,31,0,0
2024/04/23 00:55,03F0116N,03F0054N,32,0,0
2024/04/23 00:55,03F0116N,03F0054N,41,0,0
2024/04/23 00:55,03F0116N,03F0054N,42,0,0
2024/04/23 00:55,03F0116N,03F0054N,5,0,0
2024/04/23 00:55,03F0006S,03F0087S,31,312,3
2024/04/23 00:55,03F0006S,03F0087S,32,309,2
2024/04/23 00:55,03F0006S,03F0087S,41,0,0
2024/04/23 00:55,03F0006S,03F0087S,42,0,0
2024/04/23 00:55,03F0006S,03F0087S,5,308,1
2024/04/23 00:55,03F0140N,03F0116N,31,95,10
2024/04/23 00:55,03F0140N,03F0116N,32,95,7
2024/04/23 00:55,03F0140N,03F0116N,41,0,0
2024/04/23 00:55,03F0140N,03F0116N,42,0,0
2024/04/23 00:55,03F0140N,03F0116N,5,0,0
2024/04/23 00:55,01F0099S,03F0116S,31,116,8
2024/04/23 00:55,01F0099S,03F0116S,32,0,0
2024/04/23 00:55,01F0099S,03F0116S,41,0,0
2024/04/23 00:55,01F0099S,03F0116S,42,137,1
2024/04/23 00:55,01F0099S,03F0116S,5,142,1
2024/04/23 00:55,01F0147N,03F0116S,31,122,3
2024/04/23 00:55,01F0147N,03F0116S,32,142,2
2024/04/23 00:55,01F0147N,03F0116S,41,0,0
2024/04/23 00:55,01F0147N,03F0116S,42,0,0
2024/04/23 00:55,01F0147N,03F0116S,5,0,0
2024/04/23 00:55,01H0174N,03F0116S,31,223,1
2024/04/23 00:55,01H0174N,03F0116S,32,0,0
2024/04/23 00:55,01H0174N,03F0116S,41,0,0
2024/04/23 00:55,01H0174N,03F0116S,42,0,0
2024/04/23 00:55,01H0174N,03F0116S,5,0,0
2024/04/23 00:55,03F0087S,03F0116S,31,108,2
2024/04/23 00:55,03F0087S,03F0116S,32,110,1
2024/04/23 00:55,03F0087S,03F0116S,41,0,0
2024/04/23 00:55,03F0087S,03F0116S,42,0,0
2024/04/23 00:55,03F0087S,03F0116S,5,0,0
2024/04/23 00:55,03F0116S,03F0136S,31,81,7
2024/04/23 00:55,03F0116S,03F0136S,32,80,3
2024/04/23 00:55,03F0116S,03F0136S,41,0,0
2024/04/23 00:55,03F0116S,03F0136S,42,0,0
2024/04/23 00:55,03F0116S,03F0136S,5,92,3
2024/04/23 00:55,03F0150N,03F0140N,31,35,16
2024/04/23 00:55,03F0150N,03F0140N,32,38,11
2024/04/23 00:55,03F0150N,03F0140N,41,0,0
2024/04/23 00:55,03F0150N,03F0140N,42,0,0
2024/04/23 00:55,03F0150N,03F0140N,5,0,0
2024/04/23 00:55,03F0201N,03F0150N,31,192,12
2024/04/23 00:55,03F0201N,03F0150N,32,198,7
2024/04/23 00:55,03F0201N,03F0150N,41,0,0
2024/04/23 00:55,03F0201N,03F0150N,42,0,0
2024/04/23 00:55,03F0201N,03F0150N,5,0,0
2024/04/23 00:55,05F0001N,03F0150N,31,46,14
2024/04/23 00:55,05F0001N,03F0150N,32,49,6
2024/04/23 00:55,05F0001N,03F0150N,41,0,0
2024/04/23 00:55,05F0001N,03F0150N,42,0,0
2024/04/23 00:55,05F0001N,03F0150N,5,0,0
2024/04/23 00:55,03F0136S,03F0158S,31,81,17
2024/04/23 00:55,03F0136S,03F0158S,32,84,4
2024/04/23 00:55,03F0136S,03F0158S,41,0,0
2024/04/23 00:55,03F0136S,03F0158S,42,0,0
2024/04/23 00:55,03F0136S,03F0158S,5,98,3
2024/04/23 00:55,03A0041S,03F0201N,31,121,4
2024/04/23 00:55,03A0041S,03F0201N,32,120,2
2024/04/23 00:55,03A0041S,03F0201N,41,0,0
2024/04/23 00:55,03A0041S,03F0201N,42,112,2
2024/04/23 00:55,03A0041S,03F0201N,5,0,0
2024/04/23 00:55,03F0217N,03F0201N,31,56,9
2024/04/23 00:55,03F0217N,03F0201N,32,60,4
2024/04/23 00:55,03F0217N,03F0201N,41,0,0
2024/04/23 00:55,03F0217N,03F0201N,42,0,0
2024/04/23 00:55,03F0217N,03F0201N,5,0,0
2024/04/23 00:55,03F0158S,03F0201S,31,167,9
2024/04/23 00:55,03F0158S,03F0201S,32,169,3
2024/04/23 00:55,03F0158S,03F0201S,41,0,0
2024/04/23 00:55,03F0158S,03F0201S,42,172,1
2024/04/23 00:55,03F0158S,03F0201S,5,192,1
2024/04/23 00:55,05F0001N,03F0201S,31,202,5
2024/04/23 00:55,05F0001N,03F0201S,32,189,4
2024/04/23 00:55,05F0001N,03F0201S,41,0,0
2024/04/23 00:55,05F0001N,03F0201S,42,0,0
2024/04/23 00:55,05F0001N,03F0201S,5,0,0
2024/04/23 00:55,03F0301N,03F0217N,31,331,9
2024/04/23 00:55,03F0301N,03F0217N,32,320,3
2024/04/23 00:55,03F0301N,03F0217N,41,0,0
2024/04/23 00:55,03F0301N,03F0217N,42,0,0
2024/04/23 00:55,03F0301N,03F0217N,5,384,2
2024/04/23 00:55,03A0041S,03F0217S,31,77,2
2024/04/23 00:55,03A0041S,03F0217S,32,59,1
2024/04/23 00:55,03A0041S,03F0217S,41,0,0
2024/04/23 00:55,03A0041S,03F0217S,42,0,0
2024/04/23 00:55,03A0041S,03F0217S,5,0,0
2024/04/23 00:55,03F0201S,03F0217S,31,63,10
2024/04/23 00:55,03F0201S,03F0217S,32,60,6
2024/04/23 00:55,03F0201S,03F0217S,41,0,0
2024/04/23 00:55,03F0201S,03F0217S,42,0,0
2024/04/23 00:55,03F0201S,03F0217S,5,0,0
2024/04/23 00:55,03F0338N,03F0301N,31,137,22
2024/04/23 00:55,03F0338N,03F0301N,32,139,4
2024/04/23 00:55,03F0338N,03F0301N,41,0,0
2024/04/23 00:55,03F0338N,03F0301N,42,0,0
2024/04/23 00:55,03F0338N,03F0301N,5,157,4
2024/04/23 00:55,03F0217S,03F0301S,31,326,14
2024/04/23 00:55,03F0217S,03F0301S,32,336,5
2024/04/23 00:55,03F0217S,03F0301S,41,0,0
2024/04/23 00:55,03F0217S,03F0301S,42,0,0
2024/04/23 00:55,03F0217S,03F0301S,5,0,0
2024/04/23 00:55,03F0301S,03F0337S,31,142,15
2024/04/23 00:55,03F0301S,03F0337S,32,143,6
2024/04/23 00:55,03F0301S,03F0337S,41,0,0
2024/04/23 00:55,03F0301S,03F0337S,42,156,2
2024/04/23 00:55,03F0301S,03F0337S,5,143,2
2024/04/23 00:55,03F0394N,03F0338N,31,206,32
2024/04/23 00:55,03F0394N,03F0338N,32,204,3
2024/04/23 00:55,03F0394N,03F0338N,41,268,1
2024/04/23 00:55,03F0394N,03F0338N,42,251,1
2024/04/23 00:55,03F0394N,03F0338N,5,244,3
2024/04/23 00:55,03F0447N,03F0394N,31,184,37
2024/04/23 00:55,03F0447N,03F0394N,32,178,8
2024/04/23 00:55,03F0447N,03F0394N,41,0,0
2024/04/23 00:55,03F0447N,03F0394N,42,209,1
2024/04/23 00:55,03F0447N,03F0394N,5,227,4
2024/04/23 00:55,03F0337S,03F0394S,31,207,15
2024/04/23 00:55,03F0337S,03F0394S,32,219,4
2024/04/23 00:55,03F0337S,03F0394S,41,0,0
2024/04/23 00:55,03F0337S,03F0394S,42,248,3
2024/04/23 00:55,03F0337S,03F0394S,5,235,4
2024/04/23 00:55,03F0498N,03F0447N,31,161,33
2024/04/23 00:55,03F0498N,03F0447N,32,177,19
2024/04/23 00:55,03F0498N,03F0447N,41,0,0
2024/04/23 00:55,03F0498N,03F0447N,42,198,1
2024/04/23 00:55,03F0498N,03F0447N,5,202,2
2024/04/23 00:55,03F0394S,03F0447S,31,189,33
2024/04/23 00:55,03F0394S,03F0447S,32,177,11
2024/04/23 00:55,03F0394S,03F0447S,41,0,0
2024/04/23 00:55,03F0394S,03F0447S,42,202,6
2024/04/23 00:55,03F0394S,03F0447S,5,208,3
2024/04/23 00:55,03F0525N,03F0498N,31,91,32
2024/04/23 00:55,03F0525N,03F0498N,32,91,4
2024/04/23 00:55,03F0525N,03F0498N,41,0,0
2024/04/23 00:55,03F0525N,03F0498N,42,0,0
2024/04/23 00:55,03F0525N,03F0498N,5,110,4
2024/04/23 00:55,03F0447S,03F0498S,31,171,43
2024/04/23 00:55,03F0447S,03F0498S,32,174,13
2024/04/23 00:55,03F0447S,03F0498S,41,0,0
2024/04/23 00:55,03F0447S,03F0498S,42,186,6
2024/04/23 00:55,03F0447S,03F0498S,5,268,5
2024/04/23 00:55,01F0511S,03F0525N,31,1115,1
2024/04/23 00:55,01F0511S,03F0525N,32,0,0
2024/04/23 00:55,01F0511S,03F0525N,41,0,0
2024/04/23 00:55,01F0511S,03F0525N,42,608,1
2024/04/23 00:55,01F0511S,03F0525N,5,0,0
2024/04/23 00:55,01F0532N,03F0525N,31,646,1
2024/04/23 00:55,01F0532N,03F0525N,32,519,2
2024/04/23 00:55,01F0532N,03F0525N,41,0,0
2024/04/23 00:55,01F0532N,03F0525N,42,0,0
2024/04/23 00:55,01F0532N,03F0525N,5,0,0
2024/04/23 00:55,03F0559N,03F0525N,31,112,21
2024/04/23 00:55,03F0559N,03F0525N,32,99,4
2024/04/23 00:55,03F0559N,03F0525N,41,0,0
2024/04/23 00:55,03F0559N,03F0525N,42,132,2
2024/04/23 00:55,03F0559N,03F0525N,5,143,2
2024/04/23 00:55,03F0498S,03F0525S,31,90,40
2024/04/23 00:55,03F0498S,03F0525S,32,96,9
2024/04/23 00:55,03F0498S,03F0525S,41,0,0
2024/04/23 00:55,03F0498S,03F0525S,42,104,9
2024/04/23 00:55,03F0498S,03F0525S,5,106,6
2024/04/23 00:55,03F0648N,03F0559N,31,283,17
2024/04/23 00:55,03F0648N,03F0559N,32,311,8
2024/04/23 00:55,03F0648N,03F0559N,41,0,0
2024/04/23 00:55,03F0648N,03F0559N,42,359,3
2024/04/23 00:55,03F0648N,03F0559N,5,333,2
2024/04/23 00:55,01F0511S,03F0559S,31,550,3
2024/04/23 00:55,01F0511S,03F0559S,32,0,0
2024/04/23 00:55,01F0511S,03F0559S,41,0,0
2024/04/23 00:55,01F0511S,03F0559S,42,723,1
2024/04/23 00:55,01F0511S,03F0559S,5,0,0
2024/04/23 00:55,01F0532N,03F0559S,31,0,0
2024/04/23 00:55,01F0532N,03F0559S,32,0,0
2024/04/23 00:55,01F0532N,03F0559S,41,0,0
2024/04/23 00:55,01F0532N,03F0559S,42,0,0
2024/04/23 00:55,01F0532N,03F0559S,5,0,0
2024/04/23 00:55,03F0525S,03F0559S,31,115,23
2024/04/23 00:55,03F0525S,03F0559S,32,111,4
2024/04/23 00:55,03F0525S,03F0559S,41,0,0
2024/04/23 00:55,03F0525S,03F0559S,42,123,4
2024/04/23 00:55,03F0525S,03F0559S,5,133,5
2024/04/23 00:55,03F0698N,03F0648N,31,169,18
2024/04/23 00:55,03F0698N,03F0648N,32,173,5
2024/04/23 00:55,03F0698N,03F0648N,41,0,0
2024/04/23 00:55,03F0698N,03F0648N,42,186,2
2024/04/23 00:55,03F0698N,03F0648N,5,194,1
2024/04/23 00:55,03F0559S,03F0648S,31,289,17
2024/04/23 00:55,03F0559S,03F0648S,32,303,1
2024/04/23 00:55,03F0559S,03F0648S,41,0,0
2024/04/23 00:55,03F0559S,03F0648S,42,0,0
2024/04/23 00:55,03F0559S,03F0648S,5,333,3
2024/04/23 00:55,03F0746N,03F0698N,31,157,22
2024/04/23 00:55,03F0746N,03F0698N,32,168,6
2024/04/23 00:55,03F0746N,03F0698N,41,0,0
2024/04/23 00:55,03F0746N,03F0698N,42,0,0
2024/04/23 00:55,03F0746N,03F0698N,5,212,3
2024/04/23 00:55,03F0648S,03F0698S,31,172,8
2024/04/23 00:55,03F0648S,03F0698S,32,159,4
2024/04/23 00:55,03F0648S,03F0698S,41,0,0
2024/04/23 00:55,03F0648S,03F0698S,42,190,5
2024/04/23 00:55,03F0648S,03F0698S,5,229,4
2024/04/23 00:55,03F0746S,03F0746N,31,0,0
2024/04/23 00:55,03F0746S,03F0746N,32,0,0
2024/04/23 00:55,03F0746S,03F0746N,41,0,0
2024/04/23 00:55,03F0746S,03F0746N,42,0,0
2024/04/23 00:55,03F0746S,03F0746N,5,0,0
2024/04/23 00:55,03F0783N,03F0746N,31,117,17
2024/04/23 00:55,03F0783N,03F0746N,32,121,5
2024/04/23 00:55,03F0783N,03F0746N,41,149,1
2024/04/23 00:55,03F0783N,03F0746N,42,147,2
2024/04/23 00:55,03F0783N,03F0746N,5,162,3
2024/04/23 00:55,03F0698S,03F0746S,31,159,13
2024/04/23 00:55,03F0698S,03F0746S,32,164,2
2024/04/23 00:55,03F0698S,03F0746S,41,0,0
2024/04/23 00:55,03F0698S,03F0746S,42,179,4
2024/04/23 00:55,03F0698S,03F0746S,5,210,2
2024/04/23 00:55,03F0846N,03F0783N,31,203,19
2024/04/23 00:55,03F0846N,03F0783N,32,206,8
2024/04/23 00:55,03F0846N,03F0783N,41,0,0
2024/04/23 00:55,03F0846N,03F0783N,42,249,4
2024/04/23 00:55,03F0846N,03F0783N,5,248,3
2024/04/23 00:55,03F0746S,03F0783S,31,121,16
2024/04/23 00:55,03F0746S,03F0783S,32,121,2
2024/04/23 00:55,03F0746S,03F0783S,41,0,0
2024/04/23 00:55,03F0746S,03F0783S,42,141,3
2024/04/23 00:55,03F0746S,03F0783S,5,143,9
2024/04/23 00:55,03F0783N,03F0783S,31,3256,1
2024/04/23 00:55,03F0783N,03F0783S,32,0,0
2024/04/23 00:55,03F0783N,03F0783S,41,0,0
2024/04/23 00:55,03F0783N,03F0783S,42,0,0
2024/04/23 00:55,03F0783N,03F0783S,5,0,0
2024/04/23 00:55,03F0961N,03F0846N,31,364,13
2024/04/23 00:55,03F0961N,03F0846N,32,398,5
2024/04/23 00:55,03F0961N,03F0846N,41,0,0
2024/04/23 00:55,03F0961N,03F0846N,42,0,0
2024/04/23 00:55,03F0961N,03F0846N,5,458,3
2024/04/23 00:55,03F0783S,03F0846S,31,204,20
2024/04/23 00:55,03F0783S,03F0846S,32,209,4
2024/04/23 00:55,03F0783S,03F0846S,41,0,0
2024/04/23 00:55,03F0783S,03F0846S,42,245,1
2024/04/23 00:55,03F0783S,03F0846S,5,248,5
2024/04/23 00:55,03F0996N,03F0961N,31,112,13
2024/04/23 00:55,03F0996N,03F0961N,32,128,3
2024/04/23 00:55,03F0996N,03F0961N,41,0,0
2024/04/23 00:55,03F0996N,03F0961N,42,126,4
2024/04/23 00:55,03F0996N,03F0961N,5,154,2
2024/04/23 00:55,03F0846S,03F0961S,31,405,7
2024/04/23 00:55,03F0846S,03F0961S,32,383,3
2024/04/23 00:55,03F0846S,03F0961S,41,0,0
2024/04/23 00:55,03F0846S,03F0961S,42,463,1
2024/04/23 00:55,03F0846S,03F0961S,5,472,2
2024/04/23 00:55,01F0980S,03F0996N,31,148,2
2024/04/23 00:55,01F0980S,03F0996N,32,144,1
2024/04/23 00:55,01F0980S,03F0996N,41,0,0
2024/04/23 00:55,01F0980S,03F0996N,42,158,2
2024/04/23 00:55,01F0980S,03F0996N,5,163,1
2024/04/23 00:55,01F1045N,03F0996N,31,204,5
2024/04/23 00:55,01F1045N,03F0996N,32,258,2
2024/04/23 00:55,01F1045N,03F0996N,41,0,0
2024/04/23 00:55,01F1045N,03F0996N,42,0,0
2024/04/23 00:55,01F1045N,03F0996N,5,0,0
2024/04/23 00:55,03F1022N,03F0996N,31,91,4
2024/04/23 00:55,03F1022N,03F0996N,32,90,1
2024/04/23 00:55,03F1022N,03F0996N,41,0,0
2024/04/23 00:55,03F1022N,03F0996N,42,89,4
2024/04/23 00:55,03F1022N,03F0996N,5,92,1
2024/04/23 00:55,03F0961S,03F0996S,31,122,6
2024/04/23 00:55,03F0961S,03F0996S,32,116,2
2024/04/23 00:55,03F0961S,03F0996S,41,0,0
2024/04/23 00:55,03F0961S,03F0996S,42,140,2
2024/04/23 00:55,03F0961S,03F0996S,5,138,4
2024/04/23 00:55,03F1051N,03F1022N,31,96,17
2024/04/23 00:55,03F1051N,03F1022N,32,99,3
2024/04/23 00:55,03F1051N,03F1022N,41,0,0
2024/04/23 00:55,03F1051N,03F1022N,42,111,14
2024/04/23 00:55,03F1051N,03F1022N,5,113,8
2024/04/23 00:55,01F0980S,03F1022S,31,106,17
2024/04/23 00:55,01F0980S,03F1022S,32,105,5
2024/04/23 00:55,01F0980S,03F1022S,41,0,0
2024/04/23 00:55,01F0980S,03F1022S,42,112,1
2024/04/23 00:55,01F0980S,03F1022S,5,116,5
2024/04/23 00:55,01F1045N,03F1022S,31,0,0
2024/04/23 00:55,01F1045N,03F1022S,32,0,0
2024/04/23 00:55,01F1045N,03F1022S,41,0,0
2024/04/23 00:55,01F1045N,03F1022S,42,0,0
2024/04/23 00:55,01F1045N,03F1022S,5,0,0
2024/04/23 00:55,03F0996S,03F1022S,31,85,3
2024/04/23 00:55,03F0996S,03F1022S,32,90,3
2024/04/23 00:55,03F0996S,03F1022S,41,0,0
2024/04/23 00:55,03F0996S,03F1022S,42,102,4
2024/04/23 00:55,03F0996S,03F1022S,5,107,3
2024/04/23 00:55,03F1128N,03F1051N,31,245,11
2024/04/23 00:55,03F1128N,03F1051N,32,273,4
2024/04/23 00:55,03F1128N,03F1051N,41,327,1
2024/04/23 00:55,03F1128N,03F1051N,42,301,10
2024/04/23 00:55,03F1128N,03F1051N,5,296,10
2024/04/23 00:55,03F1022S,03F1051S,31,91,17
2024/04/23 00:55,03F1022S,03F1051S,32,100,9
2024/04/23 00:55,03F1022S,03F1051S,41,123,1
2024/04/23 00:55,03F1022S,03F1051S,42,104,6
2024/04/23 00:55,03F1022S,03F1051S,5,125,4
2024/04/23 00:55,03F1161N,03F1128N,31,105,13
2024/04/23 00:55,03F1161N,03F1128N,32,103,5
2024/04/23 00:55,03F1161N,03F1128N,41,0,0
2024/04/23 00:55,03F1161N,03F1128N,42,139,6
2024/04/23 00:55,03F1161N,03F1128N,5,145,6
2024/04/23 00:55,03F1051S,03F1128S,31,249,12
2024/04/23 00:55,03F1051S,03F1128S,32,263,4
2024/04/23 00:55,03F1051S,03F1128S,41,0,0
2024/04/23 00:55,03F1051S,03F1128S,42,295,9
2024/04/23 00:55,03F1051S,03F1128S,5,308,10
2024/04/23 00:55,03F1215N,03F1161N,31,171,15
2024/04/23 00:55,03F1215N,03F1161N,32,172,3
2024/04/23 00:55,03F1215N,03F1161N,41,0,0
2024/04/23 00:55,03F1215N,03F1161N,42,223,1
2024/04/23 00:55,03F1215N,03F1161N,5,211,6
2024/04/23 00:55,03F1128S,03F1161S,31,103,13
2024/04/23 00:55,03F1128S,03F1161S,32,97,3
2024/04/23 00:55,03F1128S,03F1161S,41,0,0
2024/04/23 00:55,03F1128S,03F1161S,42,129,5
2024/04/23 00:55,03F1128S,03F1161S,5,133,14
2024/04/23 00:55,03F1257N,03F1215N,31,128,7
2024/04/23 00:55,03F1257N,03F1215N,32,135,5
2024/04/23 00:55,03F1257N,03F1215N,41,0,0
2024/04/23 00:55,03F1257N,03F1215N,42,146,2
2024/04/23 00:55,03F1257N,03F1215N,5,186,8
2024/04/23 00:55,03F1161S,03F1215S,31,166,17
2024/04/23 00:55,03F1161S,03F1215S,32,239,1
2024/04/23 00:55,03F1161S,03F1215S,41,212,1
2024/04/23 00:55,03F1161S,03F1215S,42,201,2
2024/04/23 00:55,03F1161S,03F1215S,5,216,9
2024/04/23 00:55,03F1332N,03F1257N,31,240,9
2024/04/23 00:55,03F1332N,03F1257N,32,241,6
2024/04/23 00:55,03F1332N,03F1257N,41,0,0
2024/04/23 00:55,03F1332N,03F1257N,42,308,3
2024/04/23 00:55,03F1332N,03F1257N,5,301,5
2024/04/23 00:55,03F1215S,03F1257S,31,132,16
2024/04/23 00:55,03F1215S,03F1257S,32,130,1
2024/04/23 00:55,03F1215S,03F1257S,41,180,1
2024/04/23 00:55,03F1215S,03F1257S,42,169,6
2024/04/23 00:55,03F1215S,03F1257S,5,159,14
2024/04/23 00:55,03F1395N,03F1332N,31,213,13
2024/04/23 00:55,03F1395N,03F1332N,32,222,1
2024/04/23 00:55,03F1395N,03F1332N,41,0,0
2024/04/23 00:55,03F1395N,03F1332N,42,227,3
2024/04/23 00:55,03F1395N,03F1332N,5,279,11
2024/04/23 00:55,03F1257S,03F1332S,31,240,10
2024/04/23 00:55,03F1257S,03F1332S,32,271,3
2024/04/23 00:55,03F1257S,03F1332S,41,265,1
2024/04/23 00:55,03F1257S,03F1332S,42,291,5
2024/04/23 00:55,03F1257S,03F1332S,5,295,9
2024/04/23 00:55,03F1485N,03F1395N,31,299,10
2024/04/23 00:55,03F1485N,03F1395N,32,258,1
2024/04/23 00:55,03F1485N,03F1395N,41,0,0
2024/04/23 00:55,03F1485N,03F1395N,42,347,3
2024/04/23 00:55,03F1485N,03F1395N,5,355,3
2024/04/23 00:55,03F1332S,03F1395S,31,199,9
2024/04/23 00:55,03F1332S,03F1395S,32,224,4
2024/04/23 00:55,03F1332S,03F1395S,41,223,1
2024/04/23 00:55,03F1332S,03F1395S,42,231,6
2024/04/23 00:55,03F1332S,03F1395S,5,246,12
2024/04/23 00:55,03F1633N,03F1485N,31,532,5
2024/04/23 00:55,03F1633N,03F1485N,32,457,2
2024/04/23 00:55,03F1633N,03F1485N,41,0,0
2024/04/23 00:55,03F1633N,03F1485N,42,544,4
2024/04/23 00:55,03F1633N,03F1485N,5,687,5
2024/04/23 00:55,03F1395S,03F1485S,31,298,10
2024/04/23 00:55,03F1395S,03F1485S,32,317,4
2024/04/23 00:55,03F1395S,03F1485S,41,0,0
2024/04/23 00:55,03F1395S,03F1485S,42,331,8
2024/04/23 00:55,03F1395S,03F1485S,5,349,12
2024/04/23 00:55,03F1651N,03F1633N,31,60,11
2024/04/23 00:55,03F1651N,03F1633N,32,60,4
2024/04/23 00:55,03F1651N,03F1633N,41,0,0
2024/04/23 00:55,03F1651N,03F1633N,42,74,5
2024/04/23 00:55,03F1651N,03F1633N,5,77,1
2024/04/23 00:55,03F1485S,03F1633S,31,464,9
2024/04/23 00:55,03F1485S,03F1633S,32,538,1
2024/04/23 00:55,03F1485S,03F1633S,41,0,0
2024/04/23 00:55,03F1485S,03F1633S,42,658,5
2024/04/23 00:55,03F1485S,03F1633S,5,723,7
2024/04/23 00:55,01F1621S,03F1651N,31,0,0
2024/04/23 00:55,01F1621S,03F1651N,32,0,0
2024/04/23 00:55,01F1621S,03F1651N,41,0,0
2024/04/23 00:55,01F1621S,03F1651N,42,0,0
2024/04/23 00:55,01F1621S,03F1651N,5,0,0
2024/04/23 00:55,01F1664N,03F1651N,31,521,4
2024/04/23 00:55,01F1664N,03F1651N,32,577,1
2024/04/23 00:55,01F1664N,03F1651N,41,0,0
2024/04/23 00:55,01F1664N,03F1651N,42,0,0
2024/04/23 00:55,01F1664N,03F1651N,5,0,0
2024/04/23 00:55,03F1710N,03F1651N,31,194,13
2024/04/23 00:55,03F1710N,03F1651N,32,165,1
2024/04/23 00:55,03F1710N,03F1651N,41,0,0
2024/04/23 00:55,03F1710N,03F1651N,42,256,5
2024/04/23 00:55,03F1710N,03F1651N,5,246,3
2024/04/23 00:55,03F1633S,03F1651S,31,55,14
2024/04/23 00:55,03F1633S,03F1651S,32,64,1
2024/04/23 00:55,03F1633S,03F1651S,41,0,0
2024/04/23 00:55,03F1633S,03F1651S,42,74,5
2024/04/23 00:55,03F1633S,03F1651S,5,77,5
2024/04/23 00:55,03F1710S,03F1710N,31,1327,1
2024/04/23 00:55,03F1710S,03F1710N,32,0,0
2024/04/23 00:55,03F1710S,03F1710N,41,0,0
2024/04/23 00:55,03F1710S,03F1710N,42,0,0
2024/04/23 00:55,03F1710S,03F1710N,5,0,0
2024/04/23 00:55,03F1739N,03F1710N,31,103,10
2024/04/23 00:55,03F1739N,03F1710N,32,95,4
2024/04/23 00:55,03F1739N,03F1710N,41,0,0
2024/04/23 00:55,03F1739N,03F1710N,42,112,6
2024/04/23 00:55,03F1739N,03F1710N,5,121,6
2024/04/23 00:55,01F1621S,03F1710S,31,0,0
2024/04/23 00:55,01F1621S,03F1710S,32,0,0
2024/04/23 00:55,01F1621S,03F1710S,41,0,0
2024/04/23 00:55,01F1621S,03F1710S,42,0,0
2024/04/23 00:55,01F1621S,03F1710S,5,0,0
2024/04/23 00:55,01F1664N,03F1710S,31,0,0
2024/04/23 00:55,01F1664N,03F1710S,32,522,1
2024/04/23 00:55,01F1664N,03F1710S,41,0,0
2024/04/23 00:55,01F1664N,03F1710S,42,0,0
2024/04/23 00:55,01F1664N,03F1710S,5,0,0
2024/04/23 00:55,03F1651S,03F1710S,31,194,14
2024/04/23 00:55,03F1651S,03F1710S,32,208,2
2024/04/23 00:55,03F1651S,03F1710S,41,0,0
2024/04/23 00:55,03F1651S,03F1710S,42,249,4
2024/04/23 00:55,03F1651S,03F1710S,5,244,10
2024/04/23 00:55,03F1779N,03F1739N,31,130,4
2024/04/23 00:55,03F1779N,03F1739N,32,123,4
2024/04/23 00:55,03F1779N,03F1739N,41,386,1
2024/04/23 00:55,03F1779N,03F1739N,42,152,4
2024/04/23 00:55,03F1779N,03F1739N,5,149,4
2024/04/23 00:55,03F1710S,03F1739S,31,97,7
2024/04/23 00:55,03F1710S,03F1739S,32,97,5
2024/04/23 00:55,03F1710S,03F1739S,41,0,0
2024/04/23 00:55,03F1710S,03F1739S,42,120,2
2024/04/23 00:55,03F1710S,03F1739S,5,117,10
2024/04/23 00:55,03F1739N,03F1739S,31,0,0
2024/04/23 00:55,03F1739N,03F1739S,32,0,0
2024/04/23 00:55,03F1739N,03F1739S,41,0,0
2024/04/23 00:55,03F1739N,03F1739S,42,0,0
2024/04/23 00:55,03F1739N,03F1739S,5,0,0
2024/04/23 00:55,03F1860N,03F1779N,31,269,8
2024/04/23 00:55,03F1860N,03F1779N,32,279,6
2024/04/23 00:55,03F1860N,03F1779N,41,0,0
2024/04/23 00:55,03F1860N,03F1779N,42,319,3
2024/04/23 00:55,03F1860N,03F1779N,5,379,4
2024/04/23 00:55,03F1739S,03F1779S,31,129,3
2024/04/23 00:55,03F1739S,03F1779S,32,138,2
2024/04/23 00:55,03F1739S,03F1779S,41,0,0
2024/04/23 00:55,03F1739S,03F1779S,42,169,3
2024/04/23 00:55,03F1739S,03F1779S,5,149,2
2024/04/23 00:55,03F1941N,03F1860N,31,252,14
2024/04/23 00:55,03F1941N,03F1860N,32,275,6
2024/04/23 00:55,03F1941N,03F1860N,41,0,0
2024/04/23 00:55,03F1941N,03F1860N,42,316,3
2024/04/23 00:55,03F1941N,03F1860N,5,317,1
2024/04/23 00:55,03F1779S,03F1860S,31,272,6
2024/04/23 00:55,03F1779S,03F1860S,32,291,1
2024/04/23 00:55,03F1779S,03F1860S,41,0,0
2024/04/23 00:55,03F1779S,03F1860S,42,314,4
2024/04/23 00:55,03F1779S,03F1860S,5,330,3
2024/04/23 00:55,01F1906S,03F1941N,31,194,1
2024/04/23 00:55,01F1906S,03F1941N,32,0,0
2024/04/23 00:55,01F1906S,03F1941N,41,0,0
2024/04/23 00:55,01F1906S,03F1941N,42,223,1
2024/04/23 00:55,01F1906S,03F1941N,5,0,0
2024/04/23 00:55,01F1960N,03F1941N,31,262,5
2024/04/23 00:55,01F1960N,03F1941N,32,249,4
2024/04/23 00:55,01F1960N,03F1941N,41,0,0
2024/04/23 00:55,01F1960N,03F1941N,42,274,3
2024/04/23 00:55,01F1960N,03F1941N,5,283,6
2024/04/23 00:55,03F1992N,03F1941N,31,175,9
2024/04/23 00:55,03F1992N,03F1941N,32,163,2
2024/04/23 00:55,03F1992N,03F1941N,41,0,0
2024/04/23 00:55,03F1992N,03F1941N,42,0,0
2024/04/23 00:55,03F1992N,03F1941N,5,0,0
2024/04/23 00:55,03F1860S,03F1944S,31,283,14
2024/04/23 00:55,03F1860S,03F1944S,32,307,2
2024/04/23 00:55,03F1860S,03F1944S,41,0,0
2024/04/23 00:55,03F1860S,03F1944S,42,330,4
2024/04/23 00:55,03F1860S,03F1944S,5,338,8
2024/04/23 00:55,01F1906S,03F1991S,31,0,0
2024/04/23 00:55,01F1906S,03F1991S,32,208,1
2024/04/23 00:55,01F1906S,03F1991S,41,0,0
2024/04/23 00:55,01F1906S,03F1991S,42,0,0
2024/04/23 00:55,01F1906S,03F1991S,5,0,0
2024/04/23 00:55,01F1960N,03F1991S,31,236,6
2024/04/23 00:55,01F1960N,03F1991S,32,218,4
2024/04/23 00:55,01F1960N,03F1991S,41,0,0
2024/04/23 00:55,01F1960N,03F1991S,42,273,1
2024/04/23 00:55,01F1960N,03F1991S,5,305,1
2024/04/23 00:55,03F1944S,03F1991S,31,152,16
2024/04/23 00:55,03F1944S,03F1991S,32,178,2
2024/04/23 00:55,03F1944S,03F1991S,41,0,0
2024/04/23 00:55,03F1944S,03F1991S,42,158,1
2024/04/23 00:55,03F1944S,03F1991S,5,1316,2
2024/04/23 00:55,03F2066N,03F1992N,31,239,8
2024/04/23 00:55,03F2066N,03F1992N,32,227,1
2024/04/23 00:55,03F2066N,03F1992N,41,0,0
2024/04/23 00:55,03F2066N,03F1992N,42,299,1
2024/04/23 00:55,03F2066N,03F1992N,5,294,1
2024/04/23 00:55,03F2078N,03F2066N,31,42,10
2024/04/23 00:55,03F2078N,03F2066N,32,42,3
2024/04/23 00:55,03F2078N,03F2066N,41,0,0
2024/04/23 00:55,03F2078N,03F2066N,42,51,2
2024/04/23 00:55,03F2078N,03F2066N,5,0,0
2024/04/23 00:55,03F1991S,03F2066S,31,235,9
2024/04/23 00:55,03F1991S,03F2066S,32,243,6
2024/04/23 00:55,03F1991S,03F2066S,41,0,0
2024/04/23 00:55,03F1991S,03F2066S,42,277,3
2024/04/23 00:55,03F1991S,03F2066S,5,0,0
2024/04/23 00:55,03F2100N,03F2078N,31,75,11
2024/04/23 00:55,03F2100N,03F2078N,32,76,5
2024/04/23 00:55,03F2100N,03F2078N,41,0,0
2024/04/23 00:55,03F2100N,03F2078N,42,94,2
2024/04/23 00:55,03F2100N,03F2078N,5,0,0
2024/04/23 00:55,03F2066S,03F2079S,31,43,15
2024/04/23 00:55,03F2066S,03F2079S,32,46,5
2024/04/23 00:55,03F2066S,03F2079S,41,0,0
2024/04/23 00:55,03F2066S,03F2079S,42,51,1
2024/04/23 00:55,03F2066S,03F2079S,5,0,0
2024/04/23 00:55,03F2125N,03F2100N,31,83,12
2024/04/23 00:55,03F2125N,03F2100N,32,84,4
2024/04/23 00:55,03F2125N,03F2100N,41,0,0
2024/04/23 00:55,03F2125N,03F2100N,42,94,3
2024/04/23 00:55,03F2125N,03F2100N,5,0,0
2024/04/23 00:55,03F2079S,03F2100S,31,69,17
2024/04/23 00:55,03F2079S,03F2100S,32,68,2
2024/04/23 00:55,03F2079S,03F2100S,41,0,0
2024/04/23 00:55,03F2079S,03F2100S,42,0,0
2024/04/23 00:55,03F2079S,03F2100S,5,0,0
2024/04/23 00:55,03F2153N,03F2125N,31,95,18
2024/04/23 00:55,03F2153N,03F2125N,32,98,7
2024/04/23 00:55,03F2153N,03F2125N,41,0,0
2024/04/23 00:55,03F2153N,03F2125N,42,0,0
2024/04/23 00:55,03F2153N,03F2125N,5,0,0
2024/04/23 00:55,03F2100S,03F2129S,31,99,14
2024/04/23 00:55,03F2100S,03F2129S,32,191,2
2024/04/23 00:55,03F2100S,03F2129S,41,0,0
2024/04/23 00:55,03F2100S,03F2129S,42,0,0
2024/04/23 00:55,03F2100S,03F2129S,5,0,0
2024/04/23 00:55,03F2129S,03F2152S,31,80,19
2024/04/23 00:55,03F2129S,03F2152S,32,61,3
2024/04/23 00:55,03F2129S,03F2152S,41,71,1
2024/04/23 00:55,03F2129S,03F2152S,42,0,0
2024/04/23 00:55,03F2129S,03F2152S,5,87,1
2024/04/23 00:55,03F2194N,03F2153N,31,137,20
2024/04/23 00:55,03F2194N,03F2153N,32,156,7
2024/04/23 00:55,03F2194N,03F2153N,41,146,1
2024/04/23 00:55,03F2194N,03F2153N,42,0,0
2024/04/23 00:55,03F2194N,03F2153N,5,0,0
2024/04/23 00:55,03F2231N,03F2194N,31,123,11
2024/04/23 00:55,03F2231N,03F2194N,32,141,3
2024/04/23 00:55,03F2231N,03F2194N,41,0,0
2024/04/23 00:55,03F2231N,03F2194N,42,0,0
2024/04/23 00:55,03F2231N,03F2194N,5,150,2
2024/04/23 00:55,03F2152S,03F2194S,31,136,18
2024/04/23 00:55,03F2152S,03F2194S,32,161,4
2024/04/23 00:55,03F2152S,03F2194S,41,139,1
2024/04/23 00:55,03F2152S,03F2194S,42,0,0
2024/04/23 00:55,03F2152S,03F2194S,5,0,0
2024/04/23 00:55,03F2260N,03F2231N,31,99,17
2024/04/23 00:55,03F2260N,03F2231N,32,105,5
2024/04/23 00:55,03F2260N,03F2231N,41,0,0
2024/04/23 00:55,03F2260N,03F2231N,42,0,0
2024/04/23 00:55,03F2260N,03F2231N,5,0,0
2024/04/23 00:55,03F2194S,03F2235S,31,131,13
2024/04/23 00:55,03F2194S,03F2235S,32,132,4
2024/04/23 00:55,03F2194S,03F2235S,41,136,1
2024/04/23 00:55,03F2194S,03F2235S,42,145,1
2024/04/23 00:55,03F2194S,03F2235S,5,0,0
2024/04/23 00:55,03F2306N,03F2260N,31,152,11
2024/04/23 00:55,03F2306N,03F2260N,32,155,3
2024/04/23 00:55,03F2306N,03F2260N,41,0,0
2024/04/23 00:55,03F2306N,03F2260N,42,0,0
2024/04/23 00:55,03F2306N,03F2260N,5,0,0
2024/04/23 00:55,03F2235S,03F2261S,31,85,15
2024/04/23 00:55,03F2235S,03F2261S,32,88,5
2024/04/23 00:55,03F2235S,03F2261S,41,0,0
2024/04/23 00:55,03F2235S,03F2261S,42,103,1
2024/04/23 00:55,03F2235S,03F2261S,5,127,1
2024/04/23 00:55,03F2306S,03F2306N,31,2646,1
2024/04/23 00:55,03F2306S,03F2306N,32,3025,2
2024/04/23 00:55,03F2306S,03F2306N,41,0,0
2024/04/23 00:55,03F2306S,03F2306N,42,0,0
2024/04/23 00:55,03F2306S,03F2306N,5,3056,1
2024/04/23 00:55,03F2336N,03F2306N,31,104,8
2024/04/23 00:55,03F2336N,03F2306N,32,114,4
2024/04/23 00:55,03F2336N,03F2306N,41,0,0
2024/04/23 00:55,03F2336N,03F2306N,42,130,2
2024/04/23 00:55,03F2336N,03F2306N,5,0,0
2024/04/23 00:55,03F2261S,03F2306S,31,165,9
2024/04/23 00:55,03F2261S,03F2306S,32,150,2
2024/04/23 00:55,03F2261S,03F2306S,41,0,0
2024/04/23 00:55,03F2261S,03F2306S,42,172,1
2024/04/23 00:55,03F2261S,03F2306S,5,214,1
2024/04/23 00:55,03F2415N,03F2336N,31,254,11
2024/04/23 00:55,03F2415N,03F2336N,32,281,4
2024/04/23 00:55,03F2415N,03F2336N,41,277,1
2024/04/23 00:55,03F2415N,03F2336N,42,352,1
2024/04/23 00:55,03F2415N,03F2336N,5,0,0
2024/04/23 00:55,03F2306S,03F2336S,31,106,13
2024/04/23 00:55,03F2306S,03F2336S,32,101,2
2024/04/23 00:55,03F2306S,03F2336S,41,0,0
2024/04/23 00:55,03F2306S,03F2336S,42,136,3
2024/04/23 00:55,03F2306S,03F2336S,5,0,0
2024/04/23 00:55,03F2336N,03F2336S,31,0,0
2024/04/23 00:55,03F2336N,03F2336S,32,0,0
2024/04/23 00:55,03F2336N,03F2336S,41,0,0
2024/04/23 00:55,03F2336N,03F2336S,42,0,0
2024/04/23 00:55,03F2336N,03F2336S,5,0,0
2024/04/23 00:55,03F2447N,03F2415N,31,101,7
2024/04/23 00:55,03F2447N,03F2415N,32,110,3
2024/04/23 00:55,03F2447N,03F2415N,41,0,0
2024/04/23 00:55,03F2447N,03F2415N,42,0,0
2024/04/23 00:55,03F2447N,03F2415N,5,0,0
2024/04/23 00:55,03F2336S,03F2415S,31,257,8
2024/04/23 00:55,03F2336S,03F2415S,32,260,1
2024/04/23 00:55,03F2336S,03F2415S,41,0,0
2024/04/23 00:55,03F2336S,03F2415S,42,309,1
2024/04/23 00:55,03F2336S,03F2415S,5,0,0
2024/04/23 00:55,03F2535N,03F2447N,31,295,9
2024/04/23 00:55,03F2535N,03F2447N,32,278,2
2024/04/23 00:55,03F2535N,03F2447N,41,0,0
2024/04/23 00:55,03F2535N,03F2447N,42,0,0
2024/04/23 00:55,03F2535N,03F2447N,5,350,1
2024/04/23 00:55,03F2415S,03F2447S,31,102,8
2024/04/23 00:55,03F2415S,03F2447S,32,0,0
2024/04/23 00:55,03F2415S,03F2447S,41,0,0
2024/04/23 00:55,03F2415S,03F2447S,42,0,0
2024/04/23 00:55,03F2415S,03F2447S,5,109,1
2024/04/23 00:55,03F2614N,03F2535N,31,257,3
2024/04/23 00:55,03F2614N,03F2535N,32,340,1
2024/04/23 00:55,03F2614N,03F2535N,41,0,0
2024/04/23 00:55,03F2614N,03F2535N,42,284,2
2024/04/23 00:55,03F2614N,03F2535N,5,0,0
2024/04/23 00:55,03F2447S,03F2535S,31,276,9
2024/04/23 00:55,03F2447S,03F2535S,32,292,3
2024/04/23 00:55,03F2447S,03F2535S,41,0,0
2024/04/23 00:55,03F2447S,03F2535S,42,0,0
2024/04/23 00:55,03F2447S,03F2535S,5,0,0
2024/04/23 00:55,03F2709N,03F2614N,31,324,2
2024/04/23 00:55,03F2709N,03F2614N,32,338,1
2024/04/23 00:55,03F2709N,03F2614N,41,0,0
2024/04/23 00:55,03F2709N,03F2614N,42,380,3
2024/04/23 00:55,03F2709N,03F2614N,5,0,0
2024/04/23 00:55,03F2535S,03F2614S,31,267,5
2024/04/23 00:55,03F2535S,03F2614S,32,239,1
2024/04/23 00:55,03F2535S,03F2614S,41,0,0
2024/04/23 00:55,03F2535S,03F2614S,42,0,0
2024/04/23 00:55,03F2535S,03F2614S,5,0,0
2024/04/23 00:55,03F2747N,03F2709N,31,120,9
2024/04/23 00:55,03F2747N,03F2709N,32,128,4
2024/04/23 00:55,03F2747N,03F2709N,41,137,1
2024/04/23 00:55,03F2747N,03F2709N,42,125,1
2024/04/23 00:55,03F2747N,03F2709N,5,0,0
2024/04/23 00:55,03F2614S,03F2709S,31,302,5
2024/04/23 00:55,03F2614S,03F2709S,32,382,1
2024/04/23 00:55,03F2614S,03F2709S,41,0,0
2024/04/23 00:55,03F2614S,03F2709S,42,0,0
2024/04/23 00:55,03F2614S,03F2709S,5,0,0
2024/04/23 00:55,03F2747S,03F2747N,31,1107,1
2024/04/23 00:55,03F2747S,03F2747N,32,0,0
2024/04/23 00:55,03F2747S,03F2747N,41,0,0
2024/04/23 00:55,03F2747S,03F2747N,42,0,0
2024/04/23 00:55,03F2747S,03F2747N,5,0,0
2024/04/23 00:55,03F2777N,03F2747N,31,96,11
2024/04/23 00:55,03F2777N,03F2747N,32,363,2
2024/04/23 00:55,03F2777N,03F2747N,41,0,0
2024/04/23 00:55,03F2777N,03F2747N,42,0,0
2024/04/23 00:55,03F2777N,03F2747N,5,118,1
2024/04/23 00:55,03F2709S,03F2747S,31,113,1
2024/04/23 00:55,03F2709S,03F2747S,32,151,1
2024/04/23 00:55,03F2709S,03F2747S,41,0,0
2024/04/23 00:55,03F2709S,03F2747S,42,210,1
2024/04/23 00:55,03F2709S,03F2747S,5,0,0
2024/04/23 00:55,03F2840N,03F2777N,31,206,8
2024/04/23 00:55,03F2840N,03F2777N,32,208,1
2024/04/23 00:55,03F2840N,03F2777N,41,0,0
2024/04/23 00:55,03F2840N,03F2777N,42,0,0
2024/04/23 00:55,03F2840N,03F2777N,5,252,1
2024/04/23 00:55,03F2747S,03F2777S,31,94,5
2024/04/23 00:55,03F2747S,03F2777S,32,0,0
2024/04/23 00:55,03F2747S,03F2777S,41,0,0
2024/04/23 00:55,03F2747S,03F2777S,42,121,2
2024/04/23 00:55,03F2747S,03F2777S,5,0,0
2024/04/23 00:55,03F2777N,03F2777S,31,0,0
2024/04/23 00:55,03F2777N,03F2777S,32,0,0
2024/04/23 00:55,03F2777N,03F2777S,41,0,0
2024/04/23 00:55,03F2777N,03F2777S,42,0,0
2024/04/23 00:55,03F2777N,03F2777S,5,0,0
2024/04/23 00:55,03F2899N,03F2840N,31,179,6
2024/04/23 00:55,03F2899N,03F2840N,32,192,2
2024/04/23 00:55,03F2899N,03F2840N,41,0,0
2024/04/23 00:55,03F2899N,03F2840N,42,200,3
2024/04/23 00:55,03F2899N,03F2840N,5,235,1
2024/04/23 00:55,03F2777S,03F2840S,31,200,5
2024/04/23 00:55,03F2777S,03F2840S,32,222,2
2024/04/23 00:55,03F2777S,03F2840S,41,0,0
2024/04/23 00:55,03F2777S,03F2840S,42,0,0
2024/04/23 00:55,03F2777S,03F2840S,5,0,0
2024/04/23 00:55,03F2923N,03F2899N,31,72,3
2024/04/23 00:55,03F2923N,03F2899N,32,82,1
2024/04/23 00:55,03F2923N,03F2899N,41,0,0
2024/04/23 00:55,03F2923N,03F2899N,42,78,1
2024/04/23 00:55,03F2923N,03F2899N,5,98,1
2024/04/23 00:55,03F2840S,03F2899S,31,194,5
2024/04/23 00:55,03F2840S,03F2899S,32,181,1
2024/04/23 00:55,03F2840S,03F2899S,41,0,0
2024/04/23 00:55,03F2840S,03F2899S,42,0,0
2024/04/23 00:55,03F2840S,03F2899S,5,0,0
2024/04/23 00:55,03F2985N,03F2923N,31,197,3
2024/04/23 00:55,03F2985N,03F2923N,32,240,2
2024/04/23 00:55,03F2985N,03F2923N,41,0,0
2024/04/23 00:55,03F2985N,03F2923N,42,0,0
2024/04/23 00:55,03F2985N,03F2923N,5,258,1
2024/04/23 00:55,03F2899S,03F2923S,31,76,5
2024/04/23 00:55,03F2899S,03F2923S,32,74,1
2024/04/23 00:55,03F2899S,03F2923S,41,0,0
2024/04/23 00:55,03F2899S,03F2923S,42,0,0
2024/04/23 00:55,03F2899S,03F2923S,5,0,0
2024/04/23 00:55,03F3101N,03F2985N,31,378,4
2024/04/23 00:55,03F3101N,03F2985N,32,0,0
2024/04/23 00:55,03F3101N,03F2985N,41,0,0
2024/04/23 00:55,03F3101N,03F2985N,42,0,0
2024/04/23 00:55,03F3101N,03F2985N,5,0,0
2024/04/23 00:55,03F2923S,03F2985S,31,183,2
2024/04/23 00:55,03F2923S,03F2985S,32,190,1
2024/04/23 00:55,03F2923S,03F2985S,41,217,1
2024/04/23 00:55,03F2923S,03F2985S,42,254,3
2024/04/23 00:55,03F2923S,03F2985S,5,0,0
2024/04/23 00:55,03F3187N,03F3101N,31,276,5
2024/04/23 00:55,03F3187N,03F3101N,32,292,1
2024/04/23 00:55,03F3187N,03F3101N,41,0,0
2024/04/23 00:55,03F3187N,03F3101N,42,378,1
2024/04/23 00:55,03F3187N,03F3101N,5,388,1
2024/04/23 00:55,03F2985S,03F3101S,31,368,4
2024/04/23 00:55,03F2985S,03F3101S,32,0,0
2024/04/23 00:55,03F2985S,03F3101S,41,0,0
2024/04/23 00:55,03F2985S,03F3101S,42,0,0
2024/04/23 00:55,03F2985S,03F3101S,5,0,0
2024/04/23 00:55,03F3187S,03F3187N,31,0,0
2024/04/23 00:55,03F3187S,03F3187N,32,0,0
2024/04/23 00:55,03F3187S,03F3187N,41,0,0
2024/04/23 00:55,03F3187S,03F3187N,42,0,0
2024/04/23 00:55,03F3187S,03F3187N,5,0,0
2024/04/23 00:55,03F3211N,03F3187N,31,77,4
2024/04/23 00:55,03F3211N,03F3187N,32,82,3
2024/04/23 00:55,03F3211N,03F3187N,41,0,0
2024/04/23 00:55,03F3211N,03F3187N,42,92,3
2024/04/23 00:55,03F3211N,03F3187N,5,0,0
2024/04/23 00:55,03F3101S,03F3187S,31,281,4
2024/04/23 00:55,03F3101S,03F3187S,32,262,2
2024/04/23 00:55,03F3101S,03F3187S,41,0,0
2024/04/23 00:55,03F3101S,03F3187S,42,273,1
2024/04/23 00:55,03F3101S,03F3187S,5,422,1
2024/04/23 00:55,03F3259N,03F3211N,31,162,7
2024/04/23 00:55,03F3259N,03F3211N,32,154,4
2024/04/23 00:55,03F3259N,03F3211N,41,0,0
2024/04/23 00:55,03F3259N,03F3211N,42,191,1
2024/04/23 00:55,03F3259N,03F3211N,5,0,0
2024/04/23 00:55,03F3187S,03F3211S,31,78,7
2024/04/23 00:55,03F3187S,03F3211S,32,74,1
2024/04/23 00:55,03F3187S,03F3211S,41,0,0
2024/04/23 00:55,03F3187S,03F3211S,42,0,0
2024/04/23 00:55,03F3187S,03F3211S,5,107,1
2024/04/23 00:55,03F3211N,03F3211S,31,0,0
2024/04/23 00:55,03F3211N,03F3211S,32,2447,1
2024/04/23 00:55,03F3211N,03F3211S,41,0,0
2024/04/23 00:55,03F3211N,03F3211S,42,0,0
2024/04/23 00:55,03F3211N,03F3211S,5,0,0
2024/04/23 00:55,03F3307N,03F3259N,31,166,14
2024/04/23 00:55,03F3307N,03F3259N,32,149,1
2024/04/23 00:55,03F3307N,03F3259N,41,164,1
2024/04/23 00:55,03F3307N,03F3259N,42,0,0
2024/04/23 00:55,03F3307N,03F3259N,5,181,1
2024/04/23 00:55,03F3211S,03F3259S,31,150,2
2024/04/23 00:55,03F3211S,03F3259S,32,0,0
2024/04/23 00:55,03F3211S,03F3259S,41,0,0
2024/04/23 00:55,03F3211S,03F3259S,42,0,0
2024/04/23 00:55,03F3211S,03F3259S,5,0,0
2024/04/23 00:55,03F3392N,03F3307N,31,281,4
2024/04/23 00:55,03F3392N,03F3307N,32,275,4
2024/04/23 00:55,03F3392N,03F3307N,41,0,0
2024/04/23 00:55,03F3392N,03F3307N,42,288,3
2024/04/23 00:55,03F3392N,03F3307N,5,326,1
2024/04/23 00:55,03F3259S,03F3307S,31,153,3
2024/04/23 00:55,03F3259S,03F3307S,32,165,1
2024/04/23 00:55,03F3259S,03F3307S,41,0,0
2024/04/23 00:55,03F3259S,03F3307S,42,172,2
2024/04/23 00:55,03F3259S,03F3307S,5,0,0
2024/04/23 00:55,03F3445N,03F3392N,31,184,7
2024/04/23 00:55,03F3445N,03F3392N,32,174,2
2024/04/23 00:55,03F3445N,03F3392N,41,0,0
2024/04/23 00:55,03F3445N,03F3392N,42,189,2
2024/04/23 00:55,03F3445N,03F3392N,5,0,0
2024/04/23 00:55,03F3307S,03F3392S,31,273,6
2024/04/23 00:55,03F3307S,03F3392S,32,268,3
2024/04/23 00:55,03F3307S,03F3392S,41,0,0
2024/04/23 00:55,03F3307S,03F3392S,42,0,0
2024/04/23 00:55,03F3307S,03F3392S,5,398,2
2024/04/23 00:55,01F3126S,03F3445N,31,0,0
2024/04/23 00:55,01F3126S,03F3445N,32,0,0
2024/04/23 00:55,01F3126S,03F3445N,41,0,0
2024/04/23 00:55,01F3126S,03F3445N,42,0,0
2024/04/23 00:55,01F3126S,03F3445N,5,0,0
2024/04/23 00:55,01F3185N,03F3445N,31,459,2
2024/04/23 00:55,01F3185N,03F3445N,32,0,0
2024/04/23 00:55,01F3185N,03F3445N,41,0,0
2024/04/23 00:55,01F3185N,03F3445N,42,0,0
2024/04/23 00:55,01F3185N,03F3445N,5,0,0
2024/04/23 00:55,03F3496N,03F3445N,31,172,2
2024/04/23 00:55,03F3496N,03F3445N,32,0,0
2024/04/23 00:55,03F3496N,03F3445N,41,0,0
2024/04/23 00:55,03F3496N,03F3445N,42,0,0
2024/04/23 00:55,03F3496N,03F3445N,5,198,4
2024/04/23 00:55,03F3392S,03F3445S,31,171,10
2024/04/23 00:55,03F3392S,03F3445S,32,191,2
2024/04/23 00:55,03F3392S,03F3445S,41,0,0
2024/04/23 00:55,03F3392S,03F3445S,42,191,1
2024/04/23 00:55,03F3392S,03F3445S,5,237,1
2024/04/23 00:55,03F3588N,03F3496N,31,308,3
2024/04/23 00:55,03F3588N,03F3496N,32,296,2
2024/04/23 00:55,03F3588N,03F3496N,41,337,1
2024/04/23 00:55,03F3588N,03F3496N,42,0,0
2024/04/23 00:55,03F3588N,03F3496N,5,372,3
2024/04/23 00:55,01F3126S,03F3496S,31,533,1
2024/04/23 00:55,01F3126S,03F3496S,32,0,0
2024/04/23 00:55,01F3126S,03F3496S,41,0,0
2024/04/23 00:55,01F3126S,03F3496S,42,0,0
2024/04/23 00:55,01F3126S,03F3496S,5,613,2
2024/04/23 00:55,01F3185N,03F3496S,31,0,0
2024/04/23 00:55,01F3185N,03F3496S,32,0,0
2024/04/23 00:55,01F3185N,03F3496S,41,0,0
2024/04/23 00:55,01F3185N,03F3496S,42,0,0
2024/04/23 00:55,01F3185N,03F3496S,5,0,0
2024/04/23 00:55,03F3445S,03F3496S,31,171,8
2024/04/23 00:55,03F3445S,03F3496S,32,161,3
2024/04/23 00:55,03F3445S,03F3496S,41,0,0
2024/04/23 00:55,03F3445S,03F3496S,42,187,1
2024/04/23 00:55,03F3445S,03F3496S,5,0,0
2024/04/23 00:55,03F3670N,03F3588N,31,261,5
2024/04/23 00:55,03F3670N,03F3588N,32,0,0
2024/04/23 00:55,03F3670N,03F3588N,41,0,0
2024/04/23 00:55,03F3670N,03F3588N,42,274,1
2024/04/23 00:55,03F3670N,03F3588N,5,463,2
2024/04/23 00:55,03F3496S,03F3588S,31,284,1
2024/04/23 00:55,03F3496S,03F3588S,32,309,1
2024/04/23 00:55,03F3496S,03F3588S,41,0,0
2024/04/23 00:55,03F3496S,03F3588S,42,319,2
2024/04/23 00:55,03F3496S,03F3588S,5,368,2
2024/04/23 00:55,03F3743N,03F3670N,31,238,6
2024/04/23 00:55,03F3743N,03F3670N,32,252,5
2024/04/23 00:55,03F3743N,03F3670N,41,0,0
2024/04/23 00:55,03F3743N,03F3670N,42,0,0
2024/04/23 00:55,03F3743N,03F3670N,5,235,4
2024/04/23 00:55,03F3588S,03F3670S,31,287,5
2024/04/23 00:55,03F3588S,03F3670S,32,279,3
2024/04/23 00:55,03F3588S,03F3670S,41,0,0
2024/04/23 00:55,03F3588S,03F3670S,42,366,3
2024/04/23 00:55,03F3588S,03F3670S,5,0,0
2024/04/23 00:55,01F3590S,03F3743N,31,0,0
2024/04/23 00:55,01F3590S,03F3743N,32,0,0
2024/04/23 00:55,01F3590S,03F3743N,41,0,0
2024/04/23 00:55,01F3590S,03F3743N,42,0,0
2024/04/23 00:55,01F3590S,03F3743N,5,0,0
2024/04/23 00:55,01F3640N,03F3743N,31,993,1
2024/04/23 00:55,01F3640N,03F3743N,32,0,0
2024/04/23 00:55,01F3640N,03F3743N,41,0,0
2024/04/23 00:55,01F3640N,03F3743N,42,0,0
2024/04/23 00:55,01F3640N,03F3743N,5,0,0
2024/04/23 00:55,03F3854N,03F3743N,31,355,8
2024/04/23 00:55,03F3854N,03F3743N,32,334,3
2024/04/23 00:55,03F3854N,03F3743N,41,0,0
2024/04/23 00:55,03F3854N,03F3743N,42,480,1
2024/04/23 00:55,03F3854N,03F3743N,5,452,5
2024/04/23 00:55,03F3670S,03F3743S,31,247,7
2024/04/23 00:55,03F3670S,03F3743S,32,249,1
2024/04/23 00:55,03F3670S,03F3743S,41,0,0
2024/04/23 00:55,03F3670S,03F3743S,42,0,0
2024/04/23 00:55,03F3670S,03F3743S,5,0,0
2024/04/23 00:55,03F3916N,03F3854N,31,198,6
2024/04/23 00:55,03F3916N,03F3854N,32,223,3
2024/04/23 00:55,03F3916N,03F3854N,41,0,0
2024/04/23 00:55,03F3916N,03F3854N,42,226,3
2024/04/23 00:55,03F3916N,03F3854N,5,227,3
2024/04/23 00:55,01F3590S,03F3854S,31,0,0
2024/04/23 00:55,01F3590S,03F3854S,32,0,0
2024/04/23 00:55,01F3590S,03F3854S,41,0,0
2024/04/23 00:55,01F3590S,03F3854S,42,0,0
2024/04/23 00:55,01F3590S,03F3854S,5,0,0
2024/04/23 00:55,01F3640N,03F3854S,31,802,1
2024/04/23 00:55,01F3640N,03F3854S,32,0,0
2024/04/23 00:55,01F3640N,03F3854S,41,0,0
2024/04/23 00:55,01F3640N,03F3854S,42,0,0
2024/04/23 00:55,01F3640N,03F3854S,5,0,0
2024/04/23 00:55,03F3743S,03F3854S,31,306,6
2024/04/23 00:55,03F3743S,03F3854S,32,405,1
2024/04/23 00:55,03F3743S,03F3854S,41,0,0
2024/04/23 00:55,03F3743S,03F3854S,42,473,1
2024/04/23 00:55,03F3743S,03F3854S,5,489,2
2024/04/23 00:55,03F3984N,03F3916N,31,214,6
2024/04/23 00:55,03F3984N,03F3916N,32,238,3
2024/04/23 00:55,03F3984N,03F3916N,41,0,0
2024/04/23 00:55,03F3984N,03F3916N,42,259,1
2024/04/23 00:55,03F3984N,03F3916N,5,265,2
2024/04/23 00:55,03F3854S,03F3916S,31,192,11
2024/04/23 00:55,03F3854S,03F3916S,32,236,2
2024/04/23 00:55,03F3854S,03F3916S,41,0,0
2024/04/23 00:55,03F3854S,03F3916S,42,0,0
2024/04/23 00:55,03F3854S,03F3916S,5,225,1
2024/04/23 00:55,03F3916S,03F3981S,31,205,8
2024/04/23 00:55,03F3916S,03F3981S,32,206,1
2024/04/23 00:55,03F3916S,03F3981S,41,0,0
2024/04/23 00:55,03F3916S,03F3981S,42,283,2
2024/04/23 00:55,03F3916S,03F3981S,5,268,2
2024/04/23 00:55,03F4021N,03F3984N,31,125,3
2024/04/23 00:55,03F4021N,03F3984N,32,118,3
2024/04/23 00:55,03F4021N,03F3984N,41,0,0
2024/04/23 00:55,03F4021N,03F3984N,42,136,4
2024/04/23 00:55,03F4021N,03F3984N,5,145,2
2024/04/23 00:55,03F3981S,03F4018S,31,120,7
2024/04/23 00:55,03F3981S,03F4018S,32,380,2
2024/04/23 00:55,03F3981S,03F4018S,41,0,0
2024/04/23 00:55,03F3981S,03F4018S,42,148,3
2024/04/23 00:55,03F3981S,03F4018S,5,150,2
2024/04/23 00:55,03F4142N,03F4021N,31,399,6
2024/04/23 00:55,03F4142N,03F4021N,32,406,1
2024/04/23 00:55,03F4142N,03F4021N,41,0,0
2024/04/23 00:55,03F4142N,03F4021N,42,448,4
2024/04/23 00:55,03F4142N,03F4021N,5,0,0
2024/04/23 00:55,03F4168N,03F4142N,31,78,2
2024/04/23 00:55,03F4168N,03F4142N,32,84,2
2024/04/23 00:55,03F4168N,03F4142N,41,0,0
2024/04/23 00:55,03F4168N,03F4142N,42,79,1
2024/04/23 00:55,03F4168N,03F4142N,5,0,0
2024/04/23 00:55,03F4018S,03F4142S,31,432,6
2024/04/23 00:55,03F4018S,03F4142S,32,0,0
2024/04/23 00:55,03F4018S,03F4142S,41,0,0
2024/04/23 00:55,03F4018S,03F4142S,42,0,0
2024/04/23 00:55,03F4018S,03F4142S,5,0,0
2024/04/23 00:55,03F4232N,03F4168N,31,235,9
2024/04/23 00:55,03F4232N,03F4168N,32,225,1
2024/04/23 00:55,03F4232N,03F4168N,41,0,0
2024/04/23 00:55,03F4232N,03F4168N,42,217,3
2024/04/23 00:55,03F4232N,03F4168N,5,234,1
2024/04/23 00:55,03F4142S,03F4168S,31,84,5
2024/04/23 00:55,03F4142S,03F4168S,32,86,1
2024/04/23 00:55,03F4142S,03F4168S,41,0,0
2024/04/23 00:55,03F4142S,03F4168S,42,0,0
2024/04/23 00:55,03F4142S,03F4168S,5,0,0
2024/04/23 00:55,03F4259N,03F4232N,31,91,3
2024/04/23 00:55,03F4259N,03F4232N,32,97,1
2024/04/23 00:55,03F4259N,03F4232N,41,103,1
2024/04/23 00:55,03F4259N,03F4232N,42,0,0
2024/04/23 00:55,03F4259N,03F4232N,5,0,0
2024/04/23 00:55,03F4168S,03F4232S,31,201,12
2024/04/23 00:55,03F4168S,03F4232S,32,231,1
2024/04/23 00:55,03F4168S,03F4232S,41,0,0
2024/04/23 00:55,03F4168S,03F4232S,42,235,1
2024/04/23 00:55,03F4168S,03F4232S,5,208,1
2024/04/23 00:55,03F4232S,03F4263S,31,106,5
2024/04/23 00:55,03F4232S,03F4263S,32,0,0
2024/04/23 00:55,03F4232S,03F4263S,41,0,0
2024/04/23 00:55,03F4232S,03F4263S,42,0,0
2024/04/23 00:55,03F4232S,03F4263S,5,0,0
2024/04/23 00:55,03F0158S,05F0000S,31,47,3
2024/04/23 00:55,03F0158S,05F0000S,32,51,3
2024/04/23 00:55,03F0158S,05F0000S,41,0,0
2024/04/23 00:55,03F0158S,05F0000S,42,0,0
2024/04/23 00:55,03F0158S,05F0000S,5,0,0
2024/04/23 00:55,03F0201N,05F0000S,31,0,0
2024/04/23 00:55,03F0201N,05F0000S,32,187,4
2024/04/23 00:55,03F0201N,05F0000S,41,195,1
2024/04/23 00:55,03F0201N,05F0000S,42,0,0
2024/04/23 00:55,03F0201N,05F0000S,5,0,0
2024/04/23 00:55,05F0055N,05F0001N,31,220,22
2024/04/23 00:55,05F0055N,05F0001N,32,214,8
2024/04/23 00:55,05F0055N,05F0001N,41,0,0
2024/04/23 00:55,05F0055N,05F0001N,42,0,0
2024/04/23 00:55,05F0055N,05F0001N,5,0,0
2024/04/23 00:55,05F0287N,05F0055N,31,986,12
2024/04/23 00:55,05F0287N,05F0055N,32,1007,3
2024/04/23 00:55,05F0287N,05F0055N,41,0,0
2024/04/23 00:55,05F0287N,05F0055N,42,0,0
2024/04/23 00:55,05F0287N,05F0055N,5,0,0
2024/04/23 00:55,05F0000S,05F0055S,31,229,9
2024/04/23 00:55,05F0000S,05F0055S,32,253,4
2024/04/23 00:55,05F0000S,05F0055S,41,0,0
2024/04/23 00:55,05F0000S,05F0055S,42,0,0
2024/04/23 00:55,05F0000S,05F0055S,5,0,0
2024/04/23 00:55,05F0309N,05F0287N,31,85,10
2024/04/23 00:55,05F0309N,05F0287N,32,89,3
2024/04/23 00:55,05F0309N,05F0287N,41,0,0
2024/04/23 00:55,05F0309N,05F0287N,42,0,0
2024/04/23 00:55,05F0309N,05F0287N,5,0,0
2024/04/23 00:55,05F0055S,05F0287S,31,905,16
2024/04/23 00:55,05F0055S,05F0287S,32,943,6
2024/04/23 00:55,05F0055S,05F0287S,41,0,0
2024/04/23 00:55,05F0055S,05F0287S,42,1021,1
2024/04/23 00:55,05F0055S,05F0287S,5,0,0
2024/04/23 00:55,05F0438N,05F0309N,31,464,7
2024/04/23 00:55,05F0438N,05F0309N,32,479,1
2024/04/23 00:55,05F0438N,05F0309N,41,0,0
2024/04/23 00:55,05F0438N,05F0309N,42,0,0
2024/04/23 00:55,05F0438N,05F0309N,5,0,0
2024/04/23 00:55,05F0287S,05F0309S,31,84,16
2024/04/23 00:55,05F0287S,05F0309S,32,91,4
2024/04/23 00:55,05F0287S,05F0309S,41,0,0
2024/04/23 00:55,05F0287S,05F0309S,42,97,1
2024/04/23 00:55,05F0287S,05F0309S,5,0,0
2024/04/23 00:55,05F0528N,05F0438N,31,323,6
2024/04/23 00:55,05F0528N,05F0438N,32,343,2
2024/04/23 00:55,05F0528N,05F0438N,41,0,0
2024/04/23 00:55,05F0528N,05F0438N,42,0,0
2024/04/23 00:55,05F0528N,05F0438N,5,0,0
2024/04/23 00:55,05F0309S,05F0439S,31,488,7
2024/04/23 00:55,05F0309S,05F0439S,32,462,2
2024/04/23 00:55,05F0309S,05F0439S,41,0,0
2024/04/23 00:55,05F0309S,05F0439S,42,529,2
2024/04/23 00:55,05F0309S,05F0439S,5,612,1
2024/04/23 00:55,05FR113S,05F0439S,31,109,2
2024/04/23 00:55,05FR113S,05F0439S,32,0,0
2024/04/23 00:55,05FR113S,05F0439S,41,0,0
2024/04/23 00:55,05FR113S,05F0439S,42,0,0
2024/04/23 00:55,05FR113S,05F0439S,5,0,0
2024/04/23 00:55,05F0439S,05F0494S,31,192,3
2024/04/23 00:55,05F0439S,05F0494S,32,0,0
2024/04/23 00:55,05F0439S,05F0494S,41,0,0
2024/04/23 00:55,05F0439S,05F0494S,42,0,0
2024/04/23 00:55,05F0439S,05F0494S,5,236,1
2024/04/23 00:55,05F0438N,05FR143N,31,109,8
2024/04/23 00:55,05F0438N,05FR143N,32,0,0
2024/04/23 00:55,05F0438N,05FR143N,41,0,0
2024/04/23 00:55,05F0438N,05FR143N,42,0,0
2024/04/23 00:55,05F0438N,05FR143N,5,0,0
